     1	[[
     2	65513
     3	16290
     4	73576,39348
     5	17763,53637
     6	28157,5332
     7	79984,48118
     8	69647,6540
     9	46396,84072
    10	17763
    11	73153,69806
    12	76285,68467
    13	27897
    14	14982,59485
    15	3778
    16	66542,26842
    17	87533,6852
    18	69647
    19	77248,6778
    20	89142,97804
    21	79243,52670
    22	95693,76041
    23	79243
    24	90795,36802
    25	18839,15429
    26	75703,73403
    27	40804
    28	14382
    29	95385,22093
    30	78785,88301
    31	10295,62804
    32	36115,43572
    33	45279
    34	82178,70423
    35	83926,43093
    36	93299,82853
    37	23356
    38	10522,30324
    39	5174,39172
    40	23780,12243
    41	70925,2761
    42	45437,27599
    43	84800,5476
    44	78199,99224
    45	2286,35322
    46	58060,49260
    47	4235,85974
    48	44189,68976
    49	69189,48926
    50	44714,12502
    51	69207
    52	76094,33281
    53	10295
    54	77011,1143
    55	89903,11115
    56	7850,34890
    57	75703
    58	34153,79990
    59	96122,95819
    60	19568
    61	65745,30184
    62	61669,3643
    63	92924,95569
    64	75002,9161
    65	7850
    66	46677
    67	10522
    68	82222,77377
    69	38185
    70	36115
    71	48275,97215
    72	41691
    73	8854,56999
    74	47672,53839
    75	32407,45351
    76	82178
    77	34934,91730
    78	41655,65214
    79	10295
    80	4988,62223
    81	66453,63873
    82	83492,82322
    83	2022,9695
    84	36115
    85	92512,68207
    86	64691,68400
    87	42700,13773
    88	23242,45320
    89	59041,85084
    90	70610,64358
    91	40044,85598
    92	29995,98508
    93	59488,10003
    94	78785
    95	62396,41140
    96	83947,30996
    97	79990,79833
    98	8591,22387
    99	27412,44333
   100	2141,43217
   101	59181,87045
   102	65762,58248
   103	88631
   104	2141
   105	1296
   106	20176,85887
   107	51838,66328
   108	66453
   109	65187,91806
   110	59149,80970
   111	78785
   112	20692,37615
   113	64839,43018
   114	87477
   115	98141,15658
   116	72437
   117	95462,87873
   118	69189
   119	25861,80755
   120	25032,43873
   121	70730,8427
   122	82189,58893
   123	32965,57236
   124	56229,37814
   125	88220
   126	63832
   127	27757,93708
   128	73576
   129	9298,36966
   130	36329,6741
   131	33836,57889
   132	91422,34648
   133	62396
   134	28157
   135	93653,13205
   136	35294,84045
   137	96709,38826
   138	90469
   139	45134,57076
   140	76572,86790
   141	35917
   142	21690,43370
   143	62552,60390
   144	19186,83533
   145	5027,64901
   146	72981
   147	53957
   148	67838,31746
   149	35938,33338
   150	31923,27628
   151	56287,72536
   152	10128,69233
   153	92737,9478
   154	49696
   155	21,76977
   156	36252,4603
   157	63135,44278
   158	29945,90540
   159	51838
   160	25861
   161	54074,66882
   162	30705,33524
   163	38113
   164	40841,86011
   165	3159,31277
   166	89142
   167	93310,83200
   168	41786,42791
   169	73153
   170	80297,78782
   171	61342,54446
   172	58767
   173	31396
   174	60396,5082
   175	7623,42080
   176	69187,37792
   177	38929
   178	45705,18886
   179	68370
   180	50460,31929
   181	5036,95689
   182	22768,79524
   183	78785
   184	29259,99535
   185	65481,91368
   186	64143,96777
   187	68668,78975
   188	20129
   189	51349,33957
   190	21071,95124
   191	7802,49604
   192	49815,75574
   193	8023,18826
   194	97569,28785
   195	52600,48842
   196	39204,3599
   197	91024,56691
   198	30205
   199	90918,57408
   200	78638
   201	47672
   202	71222,26338
   203	32345,44246
   204	65187
   205	86136,75031
   206	9299,3947
   207	36020
   208	90918
   209	12585,50509
   210	84970,57976
   211	75307,83951
   212	13058,97506
   213	88415,26954
   214	22700,33800
   215	28874,98240
   216	35058
   217	20682
   218	84572,25181
   219	28577,33937
   220	71930,66269
   221	56542,71223
   222	22759,36052
   223	94497,93675
   224	87879,72777
   225	47708,42336
   226	18260,28870
   227	73576
   228	99186,45148
   229	38321,4914
   230	17909,38658
   231	11235,2090
   232	27779,43241
   233	68538,22394
   234	57054
   235	59576,27581
   236	60811,31721
   237	6451
   238	13242,22551
   239	13972,78870
   240	97456,75283
   241	56296
   242	37054
   243	18706,32057
   244	97053,95302
   245	96327,63572
   246	50033,34173
   247	82489
   248	56542
   249	37922,63429
   250	12381,57478
   251	31764,10196
   252	72490,61503
   253	48275
   254	7199
   255	65444,58045
   256	96122
   257	82479,66640
   258	86003,77321
   259	42825,20323
   260	25616,67314
   261	60311,21873
   262	65403,5055
   263	88970,75840
   264	15735,62828
   265	23126,63747
   266	52689,29999
   267	83146,45547
   268	60149,78157
   269	11078,94278
   270	69893,34571
   271	94993,61009
   272	66014,6867
   273	44051,75316
   274	69253,6081
   275	9703,23241
   276	30601,21603
   277	43296,7907
   278	4548
   279	23976,51762
   280	7577,72790
   281	7864,18745
   282	25001,75560
   283	35622
   284	78079,41427
   285	56542
   286	97053
   287	59373,87179
   288	87533
   289	67336
   290	95681,72406
   291	34701,65147
   292	97569
   293	49868
   294	21976,20991
   295	11371
   296	76962,22931
   297	30754,41180
   298	96402,17391
   299	89142
   300	15671,38921
   301	56542
   302	72962,3339
   303	94991,26475
   304	14777,61424
   305	76147
   306	49389,53627
   307	78558,30918
   308	49513,59286
   309	69098,19117
   310	87817,20310
   311	69320,8688
   312	4235
   313	52509,29123
   314	9107,67880
   315	44305,86178
   316	94466,58225
   317	58181,72559
   318	1297,25056
   319	3221,19880
   320	46396
   321	54513,84224
   322	40357
   323	82987,43523
   324	40044
   325	56540,42966
   326	43570,44581
   327	12883,11298
   328	43066
   329	16315
   330	86136
   331	22759
   332	59642
   333	70925
   334	35371,56332
   335	39875,30640
   336	78079
   337	64173,86058
   338	25454,62736
   339	15735
   340	24492,56198
   341	92136,73768
   342	9800,52283
   343	17697,30563
   344	96099,3633
   345	14088,27701
   346	41155
   347	26634
   348	41360,71779
   349	97661,50062
   350	77554,93231
   351	48100,52730
   352	82509
   353	48930,60648
   354	97456
   355	84190,80027
   356	66673,38127
   357	71555,93811
   358	63005,29328
   359	33329,62168
   360	12804,81035
   361	32627,30872
   362	35867,68345
   363	76713,14614
   364	38436
   365	95661,67089
   366	7022,47673
   367	65481
   368	79262,75544
   369	25176,51228
   370	74457,88209
   371	49082,67878
   372	15359,83840
   373	80353,39554
   374	73240,68130
   375	1651,71641
   376	61184,43733
   377	75439,97852
   378	15971,58091
   379	97045,13694
   380	99092,33393
   381	66350,20338
   382	53096,34744
   383	90309,40178
   384	4235
   385	61680,7436
   386	3021,88373
   387	93166,77499
   388	13610,16416
   389	35038,76209
   390	36252
   391	49157,20984
   392	76539,42837
   393	52509
   394	99901,31655
   395	30270,77405
   396	85875
   397	75894,77568
   398	29945
   399	38547
   400	17741,66590
   401	11004,74710
   402	6016,91397
   403	82860,83182
   404	28736,2198
   405	18422,74611
   406	67046,98662
   407	3790,16200
   408	71176,77499
   409	43040,68635
   410	7602
   411	61690,3642
   412	4047
   413	19470
   414	68806,60601
   415	14088
   416	6196,44699
   417	33419,8935
   418	97658,46516
   419	21278,54724
   420	94575,22958
   421	4310,42354
   422	55157,88922
   423	86189,91288
   424	88050,71711
   425	51669,83542
   426	55746,73581
   427	6750,67595
   428	92107
   429	89815,13993
   430	83947
   431	67882,65161
   432	7943,18617
   433	25454
   434	21645,386
   435	74945,47059
   436	84907
   437	84169,45301
   438	28709,2878
   439	34559,5744
   440	5064,95030
   441	19494,58552
   442	39291,2360
   443	14058,2657
   444	1804,78784
   445	11238,86806
   446	32114,67436
   447	59130,84473
   448	4310
   449	35294
   450	17460,72458
   451	21867,93640
   452	57126,77932
   453	71933,13418
   454	98334,91175
   455	17572
   456	93959,33958
   457	59505,73909
   458	59181
   459	65340
   460	3221
   461	67413,29065
   462	70730
   463	36923,93134
   464	40262,41817
   465	6689,38568
   466	44180
   467	34649,97154
   468	54833
   469	84075,94311
   470	27412
   471	56229
   472	22768
   473	49605,75277
   474	29075,96573
   475	87809,74361
   476	41779,41115
   477	7844,89881
   478	66126
   479	30063
   480	91633,71036
   481	85909,88560
   482	28835,16070
   483	19742,96626
   484	24417,76125
   485	52946
   486	39465,21708
   487	17939,57419
   488	80925,66975
   489	25176
   490	41553,90006
   491	10911
   492	29701,20319
   493	19089
   494	88785
   495	62863,83116
   496	172,21156
   497	2764,65957
   498	61153,95787
   499	70496,12262
   500	97425,69428
   501	66191,8525
   502	91284,96371
   503	76198,81549
   504	75439
   505	26348,41459
   506	81456,29222
   507	40626
   508	68619,92546
   509	9152,83249
   510	35188,70739
   511	90915
   512	52985,36977
   513	94575
   514	56734,40227
   515	79978,43878
   516	97932,90007
   517	67159,13657
   518	76676,24435
   519	18869
   520	28422,11564
   521	58717,69805
   522	68523,84287
   523	44744,24095
   524	73376,32452
   525	9731,25115
   526	17228,80125
   527	2801,24497
   528	47498,20079
   529	13328,70607
   530	30555,45552
   531	57926
   532	36923
   533	18839
   534	98528,6836
   535	76094
   536	5064
   537	61106,96592
   538	52983,21304
   539	69098
   540	44744
   541	88931,4
   542	9311,19183
   543	46522,81438
   544	50725,38589
   545	30040,92482
   546	8198,51676
   547	13242
   548	15488,35026
   549	30722
   550	30483,25224
   551	23928,15934
   552	52600
   553	10883,88475
   554	35221,17461
   555	21690
   556	63144,18113
   557	46505,74952
   558	1066
   559	11004
   560	67393,15446
   561	45755
   562	33146,13538
   563	16100,13592
   564	2773,18914
   565	96709
   566	47806,14429
   567	7652,93733
   568	38758,54223
   569	92196,5962
   570	5169,85694
   571	19238,35492
   572	39829,87911
   573	14457
   574	29945
   575	1605
   576	8448,74761
   577	86794
   578	25335,85075
   579	75307
   580	86133,22719
   581	57224,48792
   582	65444
   583	91075
   584	61231
   585	93574,56048
   586	48668,46092
   587	56669,58726
   588	99264,24267
   589	5505,53739
   590	35188
   591	93051
   592	11680
   593	37775,96237
   594	91007,11683
   595	55789
   596	69935
   597	74016
   598	78216,17987
   599	80951,87506
   600	84383
   601	77579
   602	32838,65832
   603	41582
   604	17463,42032
   605	33329
   606	95043
   607	16198,58224
   608	15584,87009
   609	86145,86227
   610	55157
   611	612,37556
   612	29063,74980
   613	20980,45085
   614	96384,60401
   615	53274,27748
   616	93160,26160
   617	77256,24630
   618	90915,35895
   619	35684,58609
   620	27811,210
   621	30161
   622	19621,96080
   623	17697
   624	99978,82569
   625	70925
   626	57740,61861
   627	58826
   628	88201,64561
   629	92896,70976
   630	87879
   631	56625,44100
   632	42051,20026
   633	23903,23863
   634	35067
   635	89107,92639
   636	25758,26942
   637	56697,15430
   638	19186
   639	27467,94553
   640	21976
   641	36992,54209
   642	39291
   643	28547,47
   644	39465
   645	98904,24847
   646	38286,41450
   647	94559,56448
   648	26742,91936
   649	48377
   650	80008,21419
   651	18661,21344
   652	78120
   653	14958,97952
   654	59505
   655	99548,79219
   656	72916,23947
   657	64685,12555
   658	21843
   659	41186,31234
   660	45116,99176
   661	93710,96820
   662	26142,91156
   663	99056,20251
   664	88201
   665	41227
   666	17226,86467
   667	96373,81648
   668	54396,1500
   669	80743,538
   670	61396,40977
   671	49011,97433
   672	51889,51188
   673	57356,17812
   674	95987
   675	19183,63494
   676	47373,9585
   677	79961,24985
   678	28140,29188
   679	96620,97435
   680	88605
   681	45549,41280
   682	68400,70439
   683	53714,42879
   684	79432,62744
   685	90605,32870
   686	41737,80241
   687	36399,92680
   688	16925,62742
   689	51646,5281
   690	30420,42779
   691	96801
   692	72754,69897
   693	79320,64983
   694	37308,49180
   695	6016
   696	56650,34026
   697	1787
   698	64998,57032
   699	25001
   700	58021,54335
   701	77475,5186
   702	69079
   703	23800,72597
   704	14932,29777
   705	33146
   706	61604,4170
   707	86323,48855
   708	51195,55197
   709	33415,60965
   710	51153,2261
   711	11213,18701
   712	15928,23623
   713	84096,75160
   714	56460
   715	69483,29139
   716	76729,71400
   717	90677,33947
   718	66361,82301
   719	12920,30261
   720	60358,87966
   721	26996,34772
   722	37308
   723	33534,43610
   724	38300
   725	87118,84659
   726	54081,20234
   727	18534,7087
   728	32627
   729	84869,18548
   730	2595,70514
   731	76472,63639
   732	38689,53040
   733	9545,9812
   734	83208,34323
   735	74303,81557
   736	35189,48212
   737	67541,64256
   738	23753,690
   739	96066
   740	77868,99460
   741	89067,84457
   742	8102,24380
   743	36657,34230
   744	42567
   745	86295,17470
   746	15997,78925
   747	400,12347
   748	44708,98162
   749	8874,66177
   750	35139,61496
   751	27300,29860
   752	35188
   753	73126,5854
   754	72053,14500
   755	45867,36849
   756	66435,74095
   757	71983
   758	55396,37731
   759	87461
   760	23653,22252
   761	8198
   762	46651
   763	83926
   764	75960,57740
   765	88078,75492
   766	33419
   767	80932,49299
   768	47759,20824
   769	63124,70291
   770	33329
   771	9378,35125
   772	57298
   773	85876,41638
   774	56399
   775	62751,97939
   776	82891,53121
   777	79412,38018
   778	52020,55964
   779	49307,44073
   780	89504,62935
   781	12147
   782	72948,32787
   783	14858,54842
   784	36926,60639
   785	45834,54200
   786	4135,7490
   787	14689,6936
   788	13972
   789	24738,62446
   790	93343,70407
   791	68477,43540
   792	30258,6861
   793	17926,73608
   794	18679,86264
   795	13183,41432
   796	39491,79675
   797	70623,21814
   798	84799,1755
   799	8187
   800	83123,76131
   801	83789,1516
   802	44328,84412
   803	1768,56995
   804	65168,96041
   805	14081,32428
   806	29296,95601
   807	4235
   808	36006,91479
   809	72810
   810	43887,50564
   811	71250,47102
   812	36479,61857
   813	56842,84592
   814	33679,95342
   815	81757
   816	69750,73618
   817	27162,21140
   818	8106,60993
   819	21307,96246
   820	25861
   821	10333
   822	34548,18284
   823	21644,38407
   824	148,74705
   825	5363,32080
   826	89621,20477
   827	50733
   828	10555,18639
   829	39225,58955
   830	33174,3110
   831	33412,87529
   832	30320
   833	53826
   834	66673
   835	14746,90898
   836	1217,22527
   837	78125,79384
   838	26423,24316
   839	52730,83780
   840	57602,63124
   841	60239,22063
   842	73605
   843	25001
   844	11291,93069
   845	3549,18343
   846	81806,14142
   847	75454,27387
   848	83156,72282
   849	45205,14012
   850	12016,13700
   851	25758
   852	16458,42973
   853	90677
   854	66888
   855	52730
   856	9152
   857	36252
   858	69496
   859	76523,63470
   860	52420,22161
   861	6907,65164
   862	10457,19070
   863	14104,14784
   864	93166
   865	90309
   866	77104,8598
   867	12804
   868	30861,79809
   869	33973,63384
   870	69741,33133
   871	89142
   872	64870,97982
   873	76471,45993
   874	27118,68292
   875	36329
   876	86812,81002
   877	16240
   878	47686,58779
   879	69801
   880	13041
   881	55743,96399
   882	90244,70695
   883	26732,1529
   884	93868
   885	56541
   886	48100
   887	11704,21819
   888	15192,55087
   889	93679,83112
   890	75820,2168
   891	63957,83492
   892	76681
   893	31832,76867
   894	16181,39141
   895	62594,5444
   896	46048,56245
   897	88290,49968
   898	58952,65184
   899	92498,5053
   900	31683,99986
   901	78914,85374
   902	35116,4513
   903	8316,70893
   904	49057,53759
   905	80932,50531
   906	49157
   907	4834,88459
   908	80539,87631
   909	20415
   910	66811,49045
   911	85695,95082
   912	85560,80171
   913	80254,19082
   914	41532,9133
   915	42268,72339
   916	16045,63719
   917	78349,12817
   918	44224,94521
   919	5431,90388
   920	72201,61690
   921	92804,30511
   922	38824,50096
   923	83751,3732
   924	17155,84571
   925	56236,83048
   926	20794,42171
   927	98016,91291
   928	46130,96900
   929	61948,56000
   930	12781,90069
   931	80743
   932	39788,1033
   933	45565,77047
   934	30040
   935	76415,19536
   936	60887
   937	49610,58151
   938	18839
   939	84894,85873
   940	17505,79965
   941	9531,19663
   942	52666,26135
   943	74340,92925
   944	38824
   945	26084
   946	16925
   947	910,6999
   948	17131,68940
   949	9481,9785
   950	32365
   951	73040,7542
   952	56001,19916
   953	12929,57334
   954	73040
   955	27479,59097
   956	31440,23298
   957	17641,67000
   958	76198
   959	49929
   960	45997,55043
   961	43344,81598
   962	37572,6397
   963	2044,16088
   964	87588,51038
   965	48410,59921
   966	68791
   967	46050
   968	12706,49087
   969	46522
   970	58161,84990
   971	23546,79991
   972	58775,28783
   973	3329,12879
   974	31746,85795
   975	2317,51080
   976	39321
   977	2871,17548
   978	69162,67996
   979	93640,44829
   980	89271,88912
   981	44290,88148
   982	82083
   983	31223,11267
   984	96888,56609
   985	27118
   986	56916,55206
   987	69430,63991
   988	51839,66314
   989	57602
   990	56813,56448
   991	61270,18576
   992	36853,38636
   993	44063
   994	23011,57306
   995	28259
   996	84584,2598
   997	46795,73129
   998	87588,52908
   999	17051,88599
  1000	73751,11061
  1001	85527,4863
  1002	19817,25286
  1003	21801,60044
  1004	52192,61631
  1005	48871,81556
  1006	98864,39116
  1007	90534,27874
  1008	38974,68890
  1009	85021,47322
  1010	14777
  1011	24318,80478
  1012	39826,56351
  1013	62284,20421
  1014	11096
  1015	6907
  1016	9240,48711
  1017	41590,55629
  1018	66411,8894
  1019	54643,19290
  1020	92477,70031
  1021	21867
  1022	18482
  1023	24486
  1024	40915
  1025	8564,90166
  1026	20949,70945
  1027	80582,75515
  1028	64005,13487
  1029	12105,46963
  1030	3528
  1031	22988,40861
  1032	42321,18334
  1033	36168,26662
  1034	49307
  1035	60821,34452
  1036	35768,80180
  1037	98095,35350
  1038	41532
  1039	35430,74837
  1040	75677,62116
  1041	3665,21546
  1042	62594
  1043	1734,70883
  1044	13610
  1045	41507,33326
  1046	25181,11109
  1047	84064,43211
  1048	63038,26685
  1049	64528
  1050	73987,91253
  1051	73998,52717
  1052	25803
  1053	13447
  1054	25758
  1055	86003
  1056	52020
  1057	43296
  1058	24691,16866
  1059	99672,43247
  1060	14481,41682
  1061	79043,89322
  1062	21071
  1063	26742
  1064	74692,37200
  1065	92141,96883
  1066	55791,69754
  1067	50203,66325
  1068	90917
  1069	37020,58655
  1070	66351,147
  1071	76661,33998
  1072	76788
  1073	56925,60318
  1074	94321
  1075	36027,87026
  1076	98207,66623
  1077	62708,34363
  1078	18839
  1079	45926
  1080	92196
  1081	1640,75460
  1082	87111,15638
  1083	83504,22526
  1084	60633,64005
  1085	16903,66806
  1086	28098,97335
  1087	13058
  1088	16701,87155
  1089	34931,14473
  1090	27687,22706
  1091	15103
  1092	37639,93728
  1093	98890,73508
  1094	24613,91077
  1095	93060
  1096	73021,16882
  1097	34276,16153
  1098	388,68260
  1099	48272,22324
  1100	47421,8998
  1101	11805,33955
  1102	39225
  1103	13447,1289
  1104	39978,74290
  1105	51948
  1106	1103,96796
  1107	44920,74275
  1108	3859,95718
  1109	54864,18184
  1110	73103,13301
  1111	44647,58133
  1112	53653,7343
  1113	26718,62614
  1114	29527
  1115	66560
  1116	72179,45588
  1117	56540
  1118	37950,79735
  1119	70012,99316
  1120	84875,51051
  1121	54897,6737
  1122	99056
  1123	65977,4155
  1124	90915
  1125	17722,35882
  1126	79509,17270
  1127	87803,62775
  1128	47557,70814
  1129	4653,31763
  1130	19041,73930
  1131	26024,47790
  1132	17519,52589
  1133	61912,3041
  1134	63767
  1135	10295
  1136	51964,76811
  1137	90598,66134
  1138	19656,49898
  1139	72754
  1140	68633,177
  1141	17551,61277
  1142	88290
  1143	46979,40908
  1144	17794,74083
  1145	81833,243
  1146	96373
  1147	64520,54978
  1148	25787,81019
  1149	45134
  1150	67794
  1151	67962
  1152	97278,58845
  1153	12016
  1154	50555,92147
  1155	83374,15387
  1156	8874
  1157	20409
  1158	97217,60568
  1159	49686,17459
  1160	88292
  1161	80447,96588
  1162	93639,95631
  1163	76962
  1164	41061,77414
  1165	69162
  1166	83096,67800
  1167	4910,99691
  1168	41960,16717
  1169	98311
  1170	65977
  1171	28649,40447
  1172	52759,3708
  1173	92693
  1174	267,66008
  1175	53274
  1176	83821,6069
  1177	49138,77325
  1178	9378
  1179	34788,50827
  1180	89619,14341
  1181	93788,32923
  1182	76166,26864
  1183	37128,99382
  1184	17108,10565
  1185	48966
  1186	40392,35780
  1187	21618,60538
  1188	82160,84298
  1189	17722
  1190	48341,50647
  1191	55898,28947
  1192	31478,28826
  1193	32259,4443
  1194	35654,683
  1195	14689
  1196	4298,42020
  1197	49320,98345
  1198	53,8373
  1199	94101,79192
  1200	69741,625
  1201	75235,22890
  1202	48297,14975
  1203	97278
  1204	99515
  1205	39816
  1206	81700,60123
  1207	47402,37095
  1208	49331,47309
  1209	76592,84899
  1210	9617,90742
  1211	84036,4902
  1212	2352
  1213	41507
  1214	48624
  1215	56235,56927
  1216	83625
  1217	64735,64304
  1218	4298
  1219	37036,60016
  1220	6008
  1221	56916
  1222	25865,82388
  1223	61534,60818
  1224	41547,68795
  1225	42568,23735
  1226	51938,77990
  1227	88368,44149
  1228	60821
  1229	3576,96543
  1230	22016
  1231	24423,66549
  1232	14631,86044
  1233	64998
  1234	72200,51466
  1235	41737
  1236	35648
  1237	39618,24271
  1238	80298,28795
  1239	74182,24976
  1240	66562,55781
  1241	91409,65043
  1242	28976,52837
  1243	30525,58992
  1244	49082
  1245	47759
  1246	16009,98376
  1247	57777,17622
  1248	57795,16155
  1249	26830
  1250	73498,95992
  1251	33873,60390
  1252	29194,27748
  1253	91850,82709
  1254	18519,66874
  1255	12929
  1256	50011,78477
  1257	61948
  1258	52953,83935
  1259	27599,78810
  1260	221,29637
  1261	82820,89366
  1262	14396,12100
  1263	6772,53361
  1264	74976
  1265	56621,91150
  1266	42313,74890
  1267	15723
  1268	92652,79021
  1269	31767,55284
  1270	75719,14564
  1271	20622,74044
  1272	25607
  1273	54225,24764
  1274	46377,48811
  1275	55741,87209
  1276	13610,79340
  1277	91898,95685
  1278	8907,46619
  1279	10071,19960
  1280	47095,37749
  1281	64471,11235
  1282	50682,13528
  1283	37138,60579
  1284	30483,35924
  1285	1456,87864
  1286	62216
  1287	83751
  1288	21618
  1289	98401,94333
  1290	56167,19443
  1291	20693,7357
  1292	28180
  1293	64685
  1294	59149
  1295	9298
  1296	30095,41687
  1297	29083,9600
  1298	31214,10549
  1299	13476,99140
  1300	33489
  1301	48197
  1302	60077
  1303	18121,96241
  1304	70023,1417
  1305	24492
  1306	89677
  1307	88746,18441
  1308	26648,40898
  1309	32960,78552
  1310	62100,86718
  1311	48594,39699
  1312	17909
  1313	44091,22653
  1314	54270,30790
  1315	61380,94773
  1316	86742,48053
  1317	23976
  1318	85823,5261
  1319	32417,69623
  1320	33847,1126
  1321	39459
  1322	92937,61163
  1323	22422,49502
  1324	91663,20663
  1325	32018
  1326	12338
  1327	87954,57681
  1328	45205
  1329	42543,4686
  1330	12474,54282
  1331	12261,58153
  1332	14757,66219
  1333	93616
  1334	32912,7480
  1335	43883,5171
  1336	79729,29630
  1337	42814,68194
  1338	45134
  1339	9807,8810
  1340	26648
  1341	9107
  1342	22647,50275
  1343	61422,54872
  1344	53135,18699
  1345	8354,86554
  1346	17644,39992
  1347	28580,43211
  1348	98890
  1349	88675,35488
  1350	11353
  1351	47491,34729
  1352	86696,28799
  1353	42568
  1354	6730,33189
  1355	60493
  1356	92217,99723
  1357	62967,50719
  1358	36277,71627
  1359	5638,66540
  1360	7389,73841
  1361	19405,93741
  1362	32383
  1363	79918,3191
  1364	72823,35274
  1365	68582,49971
  1366	40267,36141
  1367	96507
  1368	35936,9206
  1369	14104
  1370	33601,1247
  1371	76545,37031
  1372	74980,36207
  1373	47095,47969
  1374	64730
  1375	24417
  1376	48685,25113
  1377	22221,23532
  1378	11805
  1379	59022,97688
  1380	60676,42834
  1381	51839
  1382	97037,89712
  1383	19183
  1384	7079,5141
  1385	72287,97287
  1386	46062,78257
  1387	43269,9675
  1388	13586
  1389	8200,25267
  1390	20099,8894
  1391	267
  1392	65409
  1393	59351,68763
  1394	27179,90453
  1395	40062,73251
  1396	75073,93865
  1397	1367,92107
  1398	25861
  1399	12694,9224
  1400	14132,7078
  1401	50713,25162
  1402	68785
  1403	49453,63146
  1404	56001
  1405	85259,41147
  1406	38558,93540
  1407	55192
  1408	99289,23992
  1409	97434,13305
  1410	72780
  1411	27136,77872
  1412	14432,51457
  1413	94575
  1414	46809,81301
  1415	38707,7508
  1416	51108,64567
  1417	35936
  1418	45070
  1419	37818,43852
  1420	56274,62492
  1421	4772,71321
  1422	98293,38597
  1423	30835,69006
  1424	36604,7424
  1425	86453,27987
  1426	21801
  1427	26440,60059
  1428	74945
  1429	36853
  1430	13401
  1431	99850,58983
  1432	67178
  1433	62343,65446
  1434	30775,37928
  1435	5477,96450
  1436	40047
  1437	13609
  1438	49792,43379
  1439	37289,96312
  1440	6264,33501
  1441	32768,37828
  1442	27075,10100
  1443	77271,43556
  1444	3665,13463
  1445	71136,41605
  1446	63326
  1447	8592,5874
  1448	84645,95050
  1449	52476,33774
  1450	64287
  1451	64468,67028
  1452	60239
  1453	50620,18977
  1454	36204,4053
  1455	41020
  1456	59683,60877
  1457	50929,19278
  1458	30515,58159
  1459	76166
  1460	29602
  1461	85178,49424
  1462	29823,62879
  1463	14601,51481
  1464	13693,23213
  1465	36115
  1466	52092,26934
  1467	31184,29142
  1468	38810,78018
  1469	75989
  1470	48891,10316
  1471	9310
  1472	98155,1137
  1473	16903
  1474	51250,48423
  1475	73359,18385
  1476	30122
  1477	51899
  1478	48254
  1479	48761,2033
  1480	16141,30431
  1481	59068,21127
  1482	92737
  1483	42676,84758
  1484	95648,50915
  1485	43599,81078
  1486	69187
  1487	22548
  1488	76198
  1489	33892,19915
  1490	31677,1751
  1491	30095
  1492	8895,5054
  1493	79165,88580
  1494	32965,84505
  1495	3843,23689
  1496	13284
  1497	78053,78100
  1498	80925
  1499	93234,89044
  1500	86228,80481
  1501	19041
  1502	49469,16198
  1503	91218,20265
  1504	40342,95486
  1505	98785
  1506	87065
  1507	46961,58749
  1508	30388
  1509	35430
  1510	79794,16434
  1511	76166
  1512	17084,82753
  1513	77210,8078
  1514	14495
  1515	88179,61174
  1516	94995,10917
  1517	51039,9481
  1518	24656,34569
  1519	54513
  1520	39458
  1521	75703
  1522	97779,19934
  1523	73245,50864
  1524	60811
  1525	22165,62674
  1526	3375,33515
  1527	42602,20402
  1528	80109,52610
  1529	15904,43989
  1530	63391,54661
  1531	18167,86064
  1532	56996,29024
  1533	76308,55613
  1534	4883,51538
  1535	54813,29374
  1536	63312,33895
  1537	66754
  1538	35008,61741
  1539	66156,52917
  1540	4176,50664
  1541	68422
  1542	67116,85637
  1543	88593,39281
  1544	4213,17339
  1545	52803,54176
  1546	18534,6626
  1547	28547,82641
  1548	49456,33199
  1549	95872,38042
  1550	53460
  1551	53648,92811
  1552	88240,25953
  1553	59450,9192
  1554	85021
  1555	74677,38253
  1556	36842,6948
  1557	29263,58158
  1558	23780
  1559	31649,70764
  1560	37639
  1561	36408,13687
  1562	49592,12147
  1563	70023
  1564	40692,63612
  1565	92814,5676
  1566	68400,55224
  1567	67020,13499
  1568	48272
  1569	96897,99271
  1570	55789,73828
  1571	80915,78113
  1572	55298,44945
  1573	77256
  1574	68735
  1575	37639
  1576	44255,39202
  1577	24247,27242
  1578	72045
  1579	80279
  1580	83316,37450
  1581	66381,2896
  1582	17641
  1583	98162
  1584	51719,77658
  1585	75937,49972
  1586	25031,79482
  1587	38076,61653
  1588	5457
  1589	35430
  1590	39451
  1591	30920,141
  1592	54082,49813
  1593	90952,76832
  1594	14707,46360
  1595	79463,36244
  1596	3159
  1597	13999,44042
  1598	49969,25954
  1599	55653,146
  1600	58680,98012
  1601	62687,73061
  1602	36333,30567
  1603	7971,30977
  1604	62050,57419
  1605	64784,43157
  1606	89270,25358
  1607	97271,12481
  1608	31478
  1609	12980,39763
  1610	47768,92272
  1611	46231,91093
  1612	46692,15864
  1613	7271,45247
  1614	7577
  1615	32965
  1616	40929,4874
  1617	69496
  1618	4251
  1619	5064
  1620	12437,32536
  1621	5931,69471
  1622	11905,56570
  1623	59100,74189
  1624	98464,37988
  1625	71019,24082
  1626	49991,80583
  1627	41763,46335
  1628	15997
  1629	39124,70497
  1630	74431,49782
  1631	13649,64360
  1632	24673,89893
  1633	221
  1634	47024,58399
  1635	54480,54977
  1636	18417,57328
  1637	99876
  1638	74596,87622
  1639	56190,63272
  1640	67638
  1641	88901,41481
  1642	16826,11927
  1643	55672,57074
  1644	85192,40899
  1645	86189
  1646	52297,52617
  1647	11714
  1648	74409
  1649	13682,87066
  1650	40494,40884
  1651	71477,27008
  1652	38706,73943
  1653	80629,62987
  1654	66552,18273
  1655	55571,52335
  1656	28835
  1657	43000,31125
  1658	88270,45334
  1659	38388,82729
  1660	49382,19212
  1661	75020,540
  1662	20007,39419
  1663	88923
  1664	52916,92226
  1665	40454,85691
  1666	40438,15526
  1667	88444,60944
  1668	13184,44516
  1669	97032,96141
  1670	14601
  1671	85583,11307
  1672	82355,89257
  1673	16250
  1674	95385
  1675	32259,37368
  1676	48272
  1677	44189
  1678	39438,26745
  1679	15971
  1680	17574,75886
  1681	73812,13838
  1682	58492,95842
  1683	26583,4612
  1684	53466,89898
  1685	3374,63273
  1686	64998
  1687	49605
  1688	65055,24739
  1689	59142,5701
  1690	61944,39602
  1691	20998,14289
  1692	87824,37372
  1693	76545
  1694	85383
  1695	69876,6441
  1696	65187
  1697	54337,66276
  1698	74770
  1699	39636,43875
  1700	22563,57494
  1701	3909,78989
  1702	55734
  1703	33034,24306
  1704	90007,54011
  1705	38706
  1706	37950
  1707	20316,64977
  1708	96402
  1709	92512
  1710	9545
  1711	56190
  1712	94628,18203
  1713	16984,96936
  1714	10187,74087
  1715	14479,425
  1716	59,92784
  1717	45416,568
  1718	19222
  1719	29365,2750
  1720	13476
  1721	89095,92677
  1722	56563,5404
  1723	72625,57124
  1724	68590,76193
  1725	72102,38459
  1726	77104
  1727	69446,63307
  1728	29493,8742
  1729	8278,72561
  1730	39563,85853
  1731	77330,6519
  1732	75419,43530
  1733	60786
  1734	7481,408
  1735	17919,28000
  1736	59728,48401
  1737	79043
  1738	63832,65162
  1739	39200,98173
  1740	92145,744
  1741	45056,26191
  1742	32971,58211
  1743	24665
  1744	14831
  1745	37457,23134
  1746	45892,91354
  1747	33415
  1748	70668,29695
  1749	19062,42336
  1750	66316,13478
  1751	7079
  1752	8760,89976
  1753	97988
  1754	14596,27689
  1755	45613,42468
  1756	5219,39356
  1757	3303,57865
  1758	76285
  1759	49515,37666
  1760	1302,66412
  1761	35604,17741
  1762	81139
  1763	32244,19052
  1764	33597
  1765	67587,82958
  1766	66452,25926
  1767	58096,11807
  1768	65977
  1769	58952
  1770	82973,58644
  1771	10513,21066
  1772	73040
  1773	35938
  1774	48891,72084
  1775	96817,18137
  1776	17131
  1777	52629,46952
  1778	67156,65239
  1779	72960,2211
  1780	23582,36825
  1781	95648
  1782	71766,58854
  1783	36354,32219
  1784	79150,63150
  1785	71162,10346
  1786	30555
  1787	91511
  1788	5084
  1789	71162
  1790	98901,23344
  1791	20791,16607
  1792	62687
  1793	74308,32339
  1794	29162,80821
  1795	75621
  1796	55065
  1797	30768,40393
  1798	29306,24360
  1799	5199,94022
  1800	8150,60487
  1801	12951,35081
  1802	51013,80686
  1803	49057
  1804	60193,24301
  1805	66673
  1806	16164,84797
  1807	71546,54083
  1808	10768,57061
  1809	84404
  1810	82501
  1811	50538,67136
  1812	97500,56481
  1813	6357,95821
  1814	71347,28186
  1815	46373,42618
  1816	7521
  1817	47664,36718
  1818	36907
  1819	75943,7398
  1820	87337,52125
  1821	26308
  1822	84488
  1823	39361
  1824	94449,8218
  1825	13684,10419
  1826	87723,69185
  1827	4796,66128
  1828	81700
  1829	84536,58125
  1830	24226,89438
  1831	10791,30003
  1832	54596,96590
  1833	26104,37790
  1834	28976
  1835	57634,71400
  1836	13528,95610
  1837	78668,2413
  1838	64041,21143
  1839	37128
  1840	70101,17651
  1841	71647
  1842	14278,8540
  1843	29938,10668
  1844	46377
  1845	67140,86889
  1846	62931
  1847	9033,73848
  1848	35039,1187
  1849	24861,25748
  1850	43326,30882
  1851	25539,82076
  1852	19992,88619
  1853	41323,64414
  1854	61342
  1855	74060
  1856	83319,84603
  1857	45386,92643
  1858	76862
  1859	22442,87273
  1860	48379,63724
  1861	70198,26276
  1862	54030,81526
  1863	71019
  1864	91633,95160
  1865	68237,43342
  1866	27465,59350
  1867	13999
  1868	57527,41
  1869	51560,98028
  1870	84106,73850
  1871	27533,10668
  1872	12230,4214
  1873	60761,43663
  1874	3487
  1875	55840,5936
  1876	12706
  1877	95215,80571
  1878	15130,66501
  1879	37905,21851
  1880	8451,11905
  1881	23316,60498
  1882	31303,21873
  1883	7169,80415
  1884	46231
  1885	28189,16696
  1886	58685,91812
  1887	18874,68062
  1888	14331,70325
  1889	19397,19436
  1890	74145
  1891	18100,59127
  1892	40778,29365
  1893	95294,12735
  1894	68823,90009
  1895	72687,13575
  1896	40201,61445
  1897	24205
  1898	2941,75594
  1899	39930,28760
  1900	84738,39567
  1901	64953,85077
  1902	21364
  1903	25995,4446
  1904	66374,54180
  1905	90336,90802
  1906	76019,38212
  1907	48555,1785
  1908	9735,5172
  1909	41920,49606
  1910	64979,87277
  1911	77256
  1912	10953,934
  1913	15408,39927
  1914	2646,86899
  1915	72500,97636
  1916	45871
  1917	48993,50809
  1918	68786
  1919	86499,73919
  1920	60893
  1921	35116
  1922	63510,95237
  1923	79780,55257
  1924	95526,40572
  1925	10447,55106
  1926	64097,1707
  1927	50704,55197
  1928	9415,57511
  1929	39516,61623
  1930	55064,71197
  1931	28332,9543
  1932	29506,36004
  1933	27331,26365
  1934	25602
  1935	98334
  1936	77342,97135
  1937	69741
  1938	81727,17410
  1939	16198
  1940	89248,69626
  1941	74997,51676
  1942	93000,3854
  1943	31854,64590
  1944	76611,8911
  1945	32773,1683
  1946	92323
  1947	52620,84038
  1948	91964,59266
  1949	94497
  1950	15411
  1951	27220
  1952	28280
  1953	5044,59842
  1954	34261,3301
  1955	72766,39205
  1956	10953
  1957	24179
  1958	67156
  1959	34796,41558
  1960	38362,4240
  1961	5491,78295
  1962	98014,84094
  1963	67851
  1964	63145,33719
  1965	48048,67873
  1966	81700
  1967	19569,63217
  1968	15756,18919
  1969	54363,98095
  1970	76471
  1971	89523,84452
  1972	11303,96328
  1973	72013,97877
  1974	60043
  1975	74431,31886
  1976	99220,73915
  1977	61530,43899
  1978	42944,32983
  1979	88247,6332
  1980	26823
  1981	8165
  1982	90888,33574
  1983	61713,59072
  1984	88902,18303
  1985	28374,81120
  1986	79794
  1987	63780,21584
  1988	72699
  1989	65557,57231
  1990	96815,44465
  1991	62065,82638
  1992	88375
  1993	6146,11415
  1994	5757,92179
  1995	72424,45133
  1996	23323,82379
  1997	18498,83804
  1998	91897,29735
  1999	22597,68233
  2000	23439,22240
  2001	71341
  2002	15549,90947
  2003	87808,12996
  2004	1984,34540
  2005	74692
  2006	18167
  2007	3790
  2008	65080,18362
  2009	66292,71255
  2010	76853,63069
  2011	60816,3287
  2012	17160,34480
  2013	28616,78015
  2014	12666,17999
  2015	10339,22095
  2016	7267,88273
  2017	38677,88364
  2018	39901,79292
  2019	59240,17720
  2020	11903,11793
  2021	55735,77049
  2022	90121,97526
  2023	81261,68554
  2024	79011,92285
  2025	37905
  2026	24830,18167
  2027	94603,81207
  2028	7271
  2029	49592,47303
  2030	74936,25999
  2031	8261,12390
  2032	62687,35280
  2033	4772
  2034	65970,89557
  2035	56799,52536
  2036	37263
  2037	36752,27367
  2038	83713,38362
  2039	79780,53529
  2040	77528
  2041	97296
  2042	82738
  2043	12996,92483
  2044	49382
  2045	5169
  2046	49805,60820
  2047	95043,15393
  2048	39159,67748
  2049	68538
  2050	63979,64268
  2051	96853
  2052	63863,37198
  2053	24738
  2054	1073,61035
  2055	14130
  2056	88510,59358
  2057	6827
  2058	99359,275
  2059	14479
  2060	71807
  2061	10017,1480
  2062	19461,3689
  2063	44714,68677
  2064	76629
  2065	24333,45552
  2066	1061,64029
  2067	42700
  2068	8815,73240
  2069	59436,63871
  2070	26336,44388
  2071	19889,613
  2072	8898,75050
  2073	2814,27375
  2074	67087,33044
  2075	38122,62443
  2076	11816,96129
  2077	25886,36317
  2078	99530,11843
  2079	42435,30956
  2080	1727
  2081	50100
  2082	94370,47547
  2083	59068
  2084	56367,83514
  2085	61680
  2086	59549,62877
  2087	98264,41636
  2088	8284,87968
  2089	81919,395
  2090	1804
  2091	8699,63423
  2092	92799,60738
  2093	40014,96485
  2094	45764,63076
  2095	83522,76425
  2096	88483,10186
  2097	81402,71321
  2098	92902,93719
  2099	71477
  2100	30525
  2101	33284,55950
  2102	64250,12466
  2103	90882,12859
  2104	72356,44085
  2105	9371,72224
  2106	10089,20104
  2107	41006,45724
  2108	88746
  2109	784,73440
  2110	75018,27557
  2111	69957,41490
  2112	38196,49661
  2113	76812,69198
  2114	17522,75825
  2115	19742
  2116	88812,54482
  2117	18710,69699
  2118	1103
  2119	77841
  2120	61126
  2121	50078,67384
  2122	3922,53994
  2123	45892
  2124	62050
  2125	6803,9375
  2126	77353
  2127	49082
  2128	49648,35966
  2129	94292,62899
  2130	72476,27772
  2131	9635
  2132	84581,66557
  2133	30439,90149
  2134	38529,55358
  2135	44615,67549
  2136	42286,29573
  2137	37135,86316
  2138	32095,36789
  2139	54363
  2140	94559
  2141	98893,58814
  2142	56437,89063
  2143	5178,51659
  2144	15858,89366
  2145	15806,92034
  2146	66046,23879
  2147	45707,37387
  2148	10222
  2149	20069,95191
  2150	64102,80299
  2151	9303,90148
  2152	56229
  2153	79463
  2154	81833
  2155	80233,27983
  2156	49230,99082
  2157	42268
  2158	67838
  2159	52228,13559
  2160	89903
  2161	63298,90550
  2162	83188,4671
  2163	58463,45366
  2164	77851,86282
  2165	66458,31665
  2166	86829,88407
  2167	8460,95142
  2168	71748
  2169	19808,96556
  2170	5089,53458
  2171	64934,6633
  2172	22667,92348
  2173	5183,50071
  2174	87216
  2175	21920,34481
  2176	48244,72392
  2177	34195
  2178	82402,8574
  2179	77819,14597
  2180	59881,95713
  2181	66513,18132
  2182	82950,56441
  2183	71103,12609
  2184	83364
  2185	92852,31261
  2186	3943,17898
  2187	40095,82422
  2188	76785,23031
  2189	85170,11536
  2190	87799,1075
  2191	11328,27549
  2192	11213
  2193	79110,22368
  2194	69320
  2195	88688
  2196	13328
  2197	50026,57451
  2198	31341,11442
  2199	32627
  2200	44224
  2201	75939,93551
  2202	34788
  2203	43594,39215
  2204	78267,57325
  2205	87723
  2206	6246,35395
  2207	99554,1182
  2208	63241,82290
  2209	77445
  2210	8815
  2211	99289
  2212	54589,40893
  2213	86493,74591
  2214	56680,25778
  2215	27244,38187
  2216	44639,98927
  2217	14770,4908
  2218	57922,35681
  2219	6474,12001
  2220	92383,57104
  2221	79928
  2222	73747,14363
  2223	4492,94685
  2224	63541,15609
  2225	22466,60498
  2226	97642,48241
  2227	93686,56796
  2228	39379,20078
  2229	75083,70633
  2230	21825,38332
  2231	82222
  2232	68582
  2233	99220
  2234	90212,56263
  2235	42347,6690
  2236	32364,8082
  2237	89173,84230
  2238	57770
  2239	46501,85263
  2240	58627,30066
  2241	3374
  2242	36836,63191
  2243	23527,38340
  2244	26624
  2245	78269,38254
  2246	11727,34227
  2247	48891
  2248	29297,46315
  2249	78216
  2250	30122
  2251	57823,11105
  2252	72363,99215
  2253	59450
  2254	88351,32496
  2255	50620
  2256	36043
  2257	86704
  2258	71960,91142
  2259	48132,5702
  2260	27129,38216
  2261	39109
  2262	90277
  2263	55737,15668
  2264	69369,62321
  2265	73805,67274
  2266	55151,29225
  2267	54399,25151
  2268	30322,78491
  2269	18074
  2270	58340
  2271	24824,60965
  2272	33486,86844
  2273	82612,4011
  2274	16937,71759
  2275	19968,57119
  2276	10695
  2277	28800,29077
  2278	95784,74726
  2279	4883
  2280	61184
  2281	29993,72174
  2282	12551,3499
  2283	52745,56396
  2284	38670
  2285	69426,35253
  2286	5089
  2287	14400,3482
  2288	30420,44411
  2289	79496
  2290	53151,89281
  2291	7210,39862
  2292	87890,67447
  2293	99556
  2294	36656,58232
  2295	90952
  2296	23842,17331
  2297	73603,65693
  2298	66734,79842
  2299	27681,74371
  2300	83374
  2301	28982,42005
  2302	33507,56667
  2303	89881,22061
  2304	44395
  2305	88098,3793
  2306	42267
  2307	90182,79798
  2308	47301,10141
  2309	13440,74181
  2310	15490,50077
  2311	89078,20220
  2312	15184,78157
  2313	63686,69253
  2314	34931,84810
  2315	49899,73915
  2316	83633,60539
  2317	33080,64324
  2318	10353
  2319	88510
  2320	63775,956
  2321	46130
  2322	92652
  2323	62918,44120
  2324	8331,6204
  2325	94716,18315
  2326	20958
  2327	51624,15794
  2328	32008,25895
  2329	2602,37102
  2330	88560,26852
  2331	35341,76195
  2332	51500,66610
  2333	62213,33215
  2334	62825,98590
  2335	79337,16064
  2336	50508,58501
  2337	56700,19020
  2338	88290
  2339	70914,63668
  2340	65877,63853
  2341	49469
  2342	53156,68424
  2343	68823
  2344	96817
  2345	2742,5749
  2346	79966
  2347	33885,63525
  2348	23715,8702
  2349	53410,80313
  2350	50850,40252
  2351	81393
  2352	65480,28898
  2353	4611,33529
  2354	36633
  2355	93991,92695
  2356	63778,5794
  2357	19252,73536
  2358	51815,38860
  2359	69320
  2360	25677,77646
  2361	47373
  2362	74677
  2363	89095
  2364	47305,83654
  2365	57637
  2366	26687,9775
  2367	35403,31953
  2368	90534
  2369	2602
  2370	63704,12990
  2371	86473
  2372	4811
  2373	30419,98220
  2374	76576,62039
  2375	20943,30336
  2376	78510,18278
  2377	90034,32741
  2378	65328,56167
  2379	3587,74092
  2380	76043,12599
  2381	35760,80768
  2382	39291
  2383	72102
  2384	94566
  2385	16162,62892
  2386	79684
  2387	46522
  2388	27099,43052
  2389	70895,27190
  2390	817,21872
  2391	7407,99020
  2392	99123,28876
  2393	32988,5415
  2394	1277,99713
  2395	61422
  2396	20963,17622
  2397	95605,72322
  2398	27129
  2399	5043,81630
  2400	12654
  2401	32585,87293
  2402	98991,60962
  2403	71103,34058
  2404	47686
  2405	56027,66524
  2406	23346,66376
  2407	56160,34842
  2408	36169,43551
  2409	70925
  2410	28173
  2411	87157
  2412	1148
  2413	36839,2589
  2414	82766,50622
  2415	37354,97859
  2416	8739,38364
  2417	11903
  2418	21569
  2419	48448
  2420	41411,1950
  2421	56331,47523
  2422	18667,61988
  2423	89856,99054
  2424	56635
  2425	2165,44974
  2426	80288,4919
  2427	70285
  2428	67780,19036
  2429	9807
  2430	39767,72971
  2431	83316
  2432	65981
  2433	72394,93921
  2434	86889,44627
  2435	75705,14906
  2436	36531,47059
  2437	77040
  2438	38064,6625
  2439	42502,70677
  2440	31448,53926
  2441	76198
  2442	55215
  2443	61194,72949
  2444	46659,37073
  2445	49475,39229
  2446	8151,9228
  2447	17443,74568
  2448	78087,14515
  2449	930,91142
  2450	53830,35790
  2451	51134,76553
  2452	11427,72336
  2453	89612,57199
  2454	64450,20507
  2455	30970,57563
  2456	54006,31427
  2457	78732
  2458	80683
  2459	74911,85362
  2460	10899,17665
  2461	93788
  2462	7775,56012
  2463	91029,46961
  2464	44005,11217
  2465	92731,58697
  2466	17161,88016
  2467	55789
  2468	74751,34556
  2469	39385,64036
  2470	39709,77692
  2471	64575,40422
  2472	13232,88585
  2473	44715,58479
  2474	52740,92628
  2475	15536,94530
  2476	95605
  2477	13002
  2478	18534
  2479	5249,55190
  2480	48478,60914
  2481	49546,80110
  2482	99511
  2483	96927,57289
  2484	43096,89964
  2485	67592,47462
  2486	1056,10426
  2487	77038
  2488	21909,30026
  2489	81226,91572
  2490	94382,10425
  2491	50059,18649
  2492	18289
  2493	11754,56891
  2494	8760,70910
  2495	78770,29514
  2496	24740,6030
  2497	13168,44157
  2498	5999,99128
  2499	76729
  2500	84959
  2501	23329,92188
  2502	45790
  2503	24673
  2504	62893,69071
  2505	68757
  2506	78542,13836
  2507	40958
  2508	88504,64484
  2509	98717
  2510	72100
  2511	64233,16608
  2512	38485,25394
  2513	96014,79209
  2514	87033,33368
  2515	97977,24151
  2516	40963,83991
  2517	8151
  2518	34541,79644
  2519	11147,26093
  2520	72061
  2521	40311
  2522	60848,1005
  2523	89619,92608
  2524	60291,24024
  2525	47280
  2526	27379,20092
  2527	27782,20931
  2528	27921,80895
  2529	56001
  2530	84223,98618
  2531	77542,46212
  2532	48166,42606
  2533	36006
  2534	47755,49536
  2535	38427,48730
  2536	30768
  2537	40831,62298
  2538	28289
  2539	72811
  2540	13526,77465
  2541	83942,54253
  2542	10069
  2543	69441,35420
  2544	67461,30982
  2545	51882
  2546	4796
  2547	33364
  2548	93234
  2549	67461
  2550	90007
  2551	83576
  2552	7053,9542
  2553	30320,24663
  2554	72577,69932
  2555	50943
  2556	87995
  2557	6695,34919
  2558	67930,58749
  2559	36530
  2560	39198,12547
  2561	78185,7474
  2562	57762
  2563	11448,62826
  2564	69162
  2565	73895,46136
  2566	12441,2762
  2567	84459
  2568	95072,98980
  2569	9616,32751
  2570	22996,76230
  2571	12760,63986
  2572	31630,25883
  2573	53
  2574	60563,3245
  2575	42234,40833
  2576	30176,16759
  2577	50220,9875
  2578	76434
  2579	20637,90305
  2580	24664,10329
  2581	79978
  2582	21816
  2583	19547,57316
  2584	34548
  2585	18998
  2586	24078,37251
  2587	2817,68063
  2588	88916,88354
  2589	97499,90220
  2590	73299
  2591	77198
  2592	18751
  2593	21350,55846
  2594	55939
  2595	86809,98636
  2596	11176,3818
  2597	92836,26325
  2598	95072
  2599	49702,43910
  2600	97124
  2601	44255
  2602	1450,18325
  2603	52420
  2604	56196,59596
  2605	84366,2970
  2606	8706,5238
  2607	4483,88548
  2608	67016,42687
  2609	13713,89192
  2610	49859,74265
  2611	45476,12621
  2612	79780
  2613	41741
  2614	87782
  2615	4167
  2616	80413
  2617	79981,32616
  2618	64691
  2619	6363
  2620	11944,86615
  2621	36439
  2622	93457
  2623	44125,360
  2624	94936
  2625	11776,24846
  2626	98522
  2627	78851,5000
  2628	93594,95461
  2629	52437,33734
  2630	57092,99785
  2631	95051
  2632	40578,75056
  2633	5178
  2634	48214
  2635	41412,67910
  2636	49331
  2637	26151
  2638	40336,84541
  2639	14055,65708
  2640	2304
  2641	67882
  2642	69915,1608
  2643	33633
  2644	42520,44426
  2645	17368
  2646	86061,51227
  2647	1073
  2648	78937,64409
  2649	51382,2953
  2650	77387,33113
  2651	9680,76337
  2652	3550,31966
  2653	52137,17808
  2654	8636,73494
  2655	14275,20718
  2656	21364,95041
  2657	87817,33187
  2658	6446,53705
  2659	10071
  2660	22902,26068
  2661	95354,83757
  2662	28264,62380
  2663	61750,71654
  2664	42379,54539
  2665	81014,89302
  2666	48817,71765
  2667	1367
  2668	33443,45006
  2669	59434,19385
  2670	66078
  2671	30071,2080
  2672	19957,29459
  2673	60045,83649
  2674	84610,15531
  2675	42876
  2676	38466,43637
  2677	18420,61088
  2678	38628,97762
  2679	51780,70851
  2680	59033,15368
  2681	32063,48969
  2682	10459,70065
  2683	13768,3256
  2684	96437,73184
  2685	59107,28443
  2686	44900,69141
  2687	87809
  2688	35914,54256
  2689	57521,60779
  2690	54905
  2691	7650,25456
  2692	33953,43334
  2693	89456,65239
  2694	53612,58171
  2695	72751,86620
  2696	55151
  2697	91663
  2698	52119
  2699	41375
  2700	45104,53063
  2701	36633,21718
  2702	88595,66667
  2703	2773,43697
  2704	21502,40382
  2705	52908,2818
  2706	54270
  2707	52192
  2708	14579
  2709	99917
  2710	60215,65587
  2711	32944,63609
  2712	55310,72829
  2713	92262,48022
  2714	52297
  2715	15121,85649
  2716	12345,31983
  2717	44019,2235
  2718	14532,14207
  2719	28285,34977
  2720	68924,71816
  2721	99092
  2722	83446,16943
  2723	88253,39381
  2724	11427
  2725	92851,50400
  2726	52673,26330
  2727	8374
  2728	65676,11566
  2729	33973
  2730	29281,62409
  2731	93146
  2732	20084,90143
  2733	22564
  2734	99163,45980
  2735	10161,52419
  2736	91497,80911
  2737	82658,39604
  2738	10309,84091
  2739	28732
  2740	14499,26759
  2741	93250,23466
  2742	74339,87831
  2743	14161,16909
  2744	37507,77751
  2745	62992,91571
  2746	88755
  2747	95169,35310
  2748	83148,16124
  2749	12716
  2750	50725
  2751	47414,54469
  2752	21183,42849
  2753	40683
  2754	95939,77361
  2755	28498,68022
  2756	68272,26239
  2757	63393,15645
  2758	40342
  2759	16009
  2760	90309
  2761	56167
  2762	93417,24281
  2763	66381
  2764	65753
  2765	10775,41423
  2766	22902
  2767	80328,19409
  2768	30762,88732
  2769	88017,95178
  2770	69573,37729
  2771	25965,46395
  2772	21492,79381
  2773	75020
  2774	64657,26712
  2775	66523,56226
  2776	15302,93467
  2777	89694,18841
  2778	67219
  2779	50038,46032
  2780	78390,96259
  2781	81920,41121
  2782	17638,75495
  2783	21618
  2784	37481,62418
  2785	81534,71771
  2786	60549,66939
  2787	25365,96802
  2788	53927,39619
  2789	44064,86032
  2790	13768
  2791	4542,81468
  2792	64377,66673
  2793	80738,22735
  2794	20852,82921
  2795	9654
  2796	70802
  2797	58463
  2798	45185,64546
  2799	84053,65241
  2800	88701,31092
  2801	41500,93304
  2802	877
  2803	84073
  2804	25352
  2805	16851
  2806	60682
  2807	19811,32579
  2808	21127,36710
  2809	15755,14553
  2810	33034
  2811	57943,40232
  2812	27143,56908
  2813	96909
  2814	4060
  2815	78795
  2816	30291,76088
  2817	26188
  2818	95297,29085
  2819	84804,69776
  2820	16738,54277
  2821	84769,54630
  2822	49008,64741
  2823	768,54853
  2824	13714,50462
  2825	49889,67833
  2826	18167
  2827	65071,32141
  2828	47379,8627
  2829	33034
  2830	98510
  2831	448,79764
  2832	63241
  2833	31376,26478
  2834	55624,33061
  2835	67775
  2836	70970,95754
  2837	90538,81127
  2838	5462,57924
  2839	45216,65923
  2840	91301,67491
  2841	50983,84476
  2842	21683
  2843	99991,88112
  2844	96599,54449
  2845	35725,39789
  2846	36506,54798
  2847	48704,91401
  2848	61142,1507
  2849	82561,31389
  2850	81316
  2851	28449,60884
  2852	16100
  2853	8460
  2854	38237,95352
  2855	6420,89511
  2856	59498
  2857	75087,84629
  2858	48882,48553
  2859	95267,96978
  2860	14618,4237
  2861	72039,63672
  2862	49694,73511
  2863	68841,11984
  2864	30775
  2865	57349,65232
  2866	98287,87923
  2867	49382
  2868	62442
  2869	44928
  2870	19079,75576
  2871	27652,56461
  2872	79305,35083
  2873	96760
  2874	67140
  2875	12095,47805
  2876	16611,12020
  2877	41630,58886
  2878	98474,38664
  2879	63529
  2880	6583,47844
  2881	3554
  2882	99264
  2883	56180,44162
  2884	82831,91193
  2885	44340,74267
  2886	62902,73849
  2887	98443,81512
  2888	83300,28560
  2889	48132
  2890	73751
  2891	83186,17673
  2892	52221,34229
  2893	12383,98930
  2894	13458
  2895	20176
  2896	87893,5616
  2897	79103,95024
  2898	25841,78716
  2899	23648,14839
  2900	69813,25814
  2901	85562,76601
  2902	27852,22485
  2903	96327
  2904	47941,62880
  2905	30593,76138
  2906	61878,63858
  2907	15863,49463
  2908	41913,10043
  2909	14631
  2910	84597,72362
  2911	25361,15556
  2912	66828,11291
  2913	64431,23446
  2914	52923,35614
  2915	1035,81176
  2916	23620,33909
  2917	47759
  2918	98141
  2919	58058,80131
  2920	81880,12659
  2921	32515,48809
  2922	37040,85303
  2923	96692,55035
  2924	69875,88133
  2925	39427,58202
  2926	76561,2244
  2927	18874
  2928	75455
  2929	19062
  2930	84399,15212
  2931	46232,50527
  2932	96322,37631
  2933	57317,75580
  2934	34381
  2935	46659
  2936	50514,99429
  2937	77780,28914
  2938	81026,31990
  2939	83446
  2940	51719
  2941	44973,49614
  2942	69536,70229
  2943	69405,97059
  2944	62165,67312
  2945	5110,73706
  2946	88428
  2947	32030,78719
  2948	13622,2461
  2949	34760,9226
  2950	57569
  2951	50132
  2952	12209,92825
  2953	32950,43607
  2954	20192,87018
  2955	9305,80948
  2956	71136
  2957	92545,84095
  2958	6697
  2959	5822,27392
  2960	79054,75247
  2961	13959,78079
  2962	42192,34598
  2963	56283,23595
  2964	65066,63952
  2965	39826
  2966	40752,82569
  2967	12474
  2968	30774,11901
  2969	92030,46136
  2970	76043
  2971	11871,85707
  2972	24902,71194
  2973	92851
  2974	96709
  2975	40547,7608
  2976	80353
  2977	48568,15239
  2978	61061,28835
  2979	44789,75215
  2980	69782,87290
  2981	46449,23438
  2982	53834,56917
  2983	58930,95999
  2984	84834,60779
  2985	68563,65500
  2986	9543
  2987	95461,25562
  2988	98530,16104
  2989	29179
  2990	67008,28648
  2991	72363
  2992	36506
  2993	24614,39021
  2994	81534
  2995	71507,43126
  2996	68309
  2997	6583
  2998	41494,41543
  2999	55520,62462
  3000	28498
  3001	7294,39391
  3002	11,49739
  3003	71472
  3004	30278,60328
  3005	51109
  3006	56563
  3007	60296,43056
  3008	13264,9008
  3009	12034,29130
  3010	95097,85115
  3011	6073,57718
  3012	95580,3852
  3013	99703,51088
  3014	56996
  3015	17987,205
  3016	17354,63332
  3017	95560,39901
  3018	93561,47961
  3019	1630,5090
  3020	2317
  3021	60490,95328
  3022	69614
  3023	39599,52117
  3024	74964,30618
  3025	48777,43536
  3026	46981,81932
  3027	71347
  3028	87017,7043
  3029	2704,28875
  3030	65504,12666
  3031	79498,75904
  3032	76576
  3033	19007,16788
  3034	46490
  3035	99534,45657
  3036	67905
  3037	84432,61673
  3038	38585
  3039	74490,71594
  3040	32838
  3041	23868,31808
  3042	57832
  3043	5736,39664
  3044	3288
  3045	82745,4067
  3046	28342,59135
  3047	41763
  3048	94863,78279
  3049	17161
  3050	52920,83361
  3051	77679,21224
  3052	26677,34413
  3053	12345
  3054	73199
  3055	10194,54114
  3056	83008,19248
  3057	84346,3785
  3058	65098,58315
  3059	66292
  3060	52050,47974
  3061	82764,49300
  3062	48305
  3063	43664,94521
  3064	51300
  3065	22306,22725
  3066	19154,77991
  3067	87168,27154
  3068	65910
  3069	77367,39232
  3070	9099
  3071	52353,75655
  3072	61944
  3073	34404,71497
  3074	44195,36303
  3075	99056
  3076	30514,66209
  3077	76237
  3078	42708,23066
  3079	65258,38008
  3080	65999,45426
  3081	49820,41937
  3082	60769
  3083	95294
  3084	88641,87508
  3085	92023
  3086	23403,13085
  3087	28430,10790
  3088	92246,25170
  3089	9485,7398
  3090	26111,41009
  3091	75739,63890
  3092	13475
  3093	47755
  3094	69875
  3095	18279,27316
  3096	19509
  3097	33390,20559
  3098	83257
  3099	26063,97623
  3100	94508,50763
  3101	21296,332
  3102	68564,98955
  3103	36382,43807
  3104	88595
  3105	98207,69276
  3106	85881,44694
  3107	57663,92193
  3108	64506,28695
  3109	49769,64794
  3110	810,6015
  3111	83826,90804
  3112	8214,75441
  3113	35275,25265
  3114	64163,24739
  3115	16911
  3116	61953,56923
  3117	88466,12562
  3118	98816,99375
  3119	71295,34374
  3120	95142,83915
  3121	51688,60648
  3122	44886
  3123	99120,9734
  3124	72952
  3125	47057
  3126	41617,14296
  3127	57086
  3128	46114
  3129	82054,33983
  3130	95397
  3131	67204
  3132	28732,28802
  3133	54004,20548
  3134	33234,59082
  3135	44432,7339
  3136	84120,70479
  3137	2349,82894
  3138	83473,53555
  3139	42824,69978
  3140	19714,21448
  3141	55092,86232
  3142	35215,48684
  3143	1603,19170
  3144	80827,49570
  3145	97868,48205
  3146	51397,17683
  3147	99586,22479
  3148	32768,38482
  3149	38427
  3150	26022,4866
  3151	31416,93244
  3152	99176
  3153	51283,95541
  3154	72417,72576
  3155	19087
  3156	16929,73044
  3157	73775,29562
  3158	41494
  3159	65376,54614
  3160	28741,70733
  3161	78891,51825
  3162	71153,22195
  3163	90257,85242
  3164	46232
  3165	59072,18371
  3166	8898
  3167	62100
  3168	95325,92179
  3169	12841,49060
  3170	40351,44473
  3171	15381
  3172	88679,20898
  3173	33190,77597
  3174	18856,5928
  3175	69162
  3176	20953,50450
  3177	28649
  3178	30229,23306
  3179	85010,22968
  3180	29139,17001
  3181	6196
  3182	58230,36669
  3183	36625
  3184	61542,79308
  3185	61870,80669
  3186	28430
  3187	43393,10582
  3188	23531,76874
  3189	64924,40938
  3190	6803
  3191	48777
  3192	61333,50066
  3193	94689,15045
  3194	83123
  3195	32773
  3196	3051,91297
  3197	62284
  3198	27412
  3199	97032
  3200	49057
  3201	28408,34717
  3202	2141,59975
  3203	74120,22338
  3204	29949,19741
  3205	44757,73126
  3206	7771,6582
  3207	98634,34297
  3208	66404,35571
  3209	50483,34921
  3210	11740,47818
  3211	48688,39214
  3212	10604,24585
  3213	21123,26784
  3214	95461
  3215	93075,15846
  3216	79996,40959
  3217	79980,95309
  3218	14883,80381
  3219	36704,1927
  3220	95604,9138
  3221	3661,96617
  3222	57012,70950
  3223	41356,87364
  3224	23950
  3225	63640,70350
  3226	63528
  3227	31854,41649
  3228	64750,89444
  3229	12336,19102
  3230	61777,58347
  3231	82930,58772
  3232	22409,88500
  3233	64544,81971
  3234	67745,55087
  3235	60819,32542
  3236	54460,93113
  3237	46349
  3238	7711
  3239	47990,94218
  3240	9472,42521
  3241	64000
  3242	9536,2061
  3243	77256
  3244	81488,5786
  3245	2550,70933
  3246	53096
  3247	83816,74732
  3248	33023
  3249	52578,12827
  3250	52759
  3251	80495,92627
  3252	11490,98257
  3253	98864
  3254	88353,3927
  3255	28320,59249
  3256	45800
  3257	62285,32586
  3258	34572,88779
  3259	98893,49667
  3260	5709,53105
  3261	16801,76699
  3262	80953,16174
  3263	16514
  3264	44304
  3265	394,54993
  3266	45476
  3267	1422,82246
  3268	41168
  3269	75856,49002
  3270	66610,96060
  3271	19393,57742
  3272	35989,364
  3273	87419,59851
  3274	56437
  3275	40976,99260
  3276	49387,94660
  3277	36019,8219
  3278	77777
  3279	5685
  3280	67882
  3281	68835,82015
  3282	38012,54097
  3283	57740
  3284	8160,77898
  3285	49859
  3286	6465,7616
  3287	20130,40478
  3288	73661,24274
  3289	42362
  3290	61685,49828
  3291	98909,53578
  3292	75978,4586
  3293	79352
  3294	86406,31908
  3295	35100,4377
  3296	20388
  3297	28144,19020
  3298	89347,91819
  3299	400
  3300	26877,45113
  3301	75535,41944
  3302	10514,1772
  3303	49358,35992
  3304	24350,55966
  3305	89998,55140
  3306	17040,95113
  3307	26513,55610
  3308	37773,30643
  3309	63778
  3310	17644
  3311	19060,6723
  3312	41290,47484
  3313	91903,58417
  3314	9616
  3315	63414,11392
  3316	26348
  3317	74915
  3318	44695
  3319	32483,89241
  3320	28470,35457
  3321	55807,58788
  3322	11297,9327
  3323	57660
  3324	85192
  3325	43699,69109
  3326	75288,25124
  3327	61688
  3328	98916,27356
  3329	12210
  3330	53292,88907
  3331	57234
  3332	69849,42968
  3333	3463,66979
  3334	47066,54892
  3335	69064,27320
  3336	2605,94662
  3337	18746,17916
  3338	14362
  3339	22106,38140
  3340	10187
  3341	47220,23647
  3342	70724
  3343	93344,41700
  3344	71507
  3345	89962,1050
  3346	21579
  3347	36169
  3348	35989
  3349	37640,24415
  3350	36682,30722
  3351	98095
  3352	8898
  3353	5555,8198
  3354	28835
  3355	98287
  3356	64450
  3357	84534,4889
  3358	17238,34263
  3359	49135,8882
  3360	14073
  3361	68590
  3362	48772,34485
  3363	95228,6337
  3364	76019
  3365	75772,83117
  3366	6149,53062
  3367	35703,35818
  3368	53266,59384
  3369	44813,954
  3370	33527,6804
  3371	39127,88482
  3372	6446
  3373	34273,27112
  3374	73273,24687
  3375	50454
  3376	86889
  3377	32138,46117
  3378	47565,51257
  3379	15544,57357
  3380	11307,83305
  3381	12192,20535
  3382	78334,18756
  3383	92504,76337
  3384	93307
  3385	67878,6946
  3386	52908
  3387	63828,11768
  3388	58008,14972
  3389	29947,99453
  3390	66317,4266
  3391	45623,32233
  3392	50833
  3393	20915,76610
  3394	62840
  3395	68748,95275
  3396	69084,45227
  3397	15974,7868
  3398	58169
  3399	89023,5861
  3400	19494,48375
  3401	21428
  3402	82699,6168
  3403	33911,15475
  3404	93603,42160
  3405	85259
  3406	55470
  3407	61337,74504
  3408	16512,98827
  3409	28597,70385
  3410	68225,39104
  3411	3314
  3412	66133,30100
  3413	550,10206
  3414	54544,86136
  3415	26064,9261
  3416	715,50257
  3417	2410,25492
  3418	90750,47702
  3419	44255
  3420	94189,7495
  3421	64674,68465
  3422	32915,83452
  3423	69784,81850
  3424	10776
  3425	42874
  3426	64239
  3427	50112,3661
  3428	20934,84444
  3429	34889,36962
  3430	37308
  3431	43293,78905
  3432	49694
  3433	20663,64053
  3434	96791
  3435	27575
  3436	31341
  3437	62992
  3438	72561
  3439	81501,46001
  3440	74166,18537
  3441	21693,69604
  3442	95944,74490
  3443	63322,7676
  3444	73652,34991
  3445	19428,50068
  3446	77376,97582
  3447	4626,4754
  3448	57652,87718
  3449	17543,93415
  3450	16609
  3451	82841
  3452	46820
  3453	52759
  3454	35623,31440
  3455	33211,40817
  3456	44168,49284
  3457	125,21869
  3458	60620
  3459	79103
  3460	45364,21736
  3461	62852,69334
  3462	86401,65983
  3463	39984,70323
  3464	62881,24160
  3465	7041,83555
  3466	24226
  3467	39879,2802
  3468	21296
  3469	59196,88142
  3470	48802,67681
  3471	24748,56413
  3472	82621,54329
  3473	4836,44890
  3474	68801,30668
  3475	59376,35453
  3476	70043,32452
  3477	71349,59295
  3478	17763
  3479	59500,16744
  3480	66490,1013
  3481	7373,43396
  3482	68517,44447
  3483	88270
  3484	23780
  3485	90723,64158
  3486	88640,12375
  3487	38388
  3488	67148,69420
  3489	11816
  3490	36801,12551
  3491	3194
  3492	83647,10979
  3493	47585,9577
  3494	89428,10446
  3495	41983,42381
  3496	89038,94817
  3497	21908,13518
  3498	68015,69201
  3499	361,19178
  3500	61860,82864
  3501	39697
  3502	20316,84814
  3503	10495,71048
  3504	28193
  3505	45411,43981
  3506	4408,20282
  3507	28732
  3508	15759,83102
  3509	65507,8643
  3510	50248,21599
  3511	64206,87659
  3512	89922
  3513	32627
  3514	54277,51079
  3515	68543,61525
  3516	57823
  3517	32310,47623
  3518	19557,72839
  3519	87141,97844
  3520	89136,82157
  3521	46095,4950
  3522	65847,57311
  3523	74478,55578
  3524	83052,49732
  3525	24466,1366
  3526	14266,40550
  3527	19465,83418
  3528	40976
  3529	40335,56262
  3530	88201
  3531	94333,48243
  3532	94017,52172
  3533	85675,13503
  3534	44920
  3535	18036,25142
  3536	1405,98032
  3537	86832,51183
  3538	48747,64536
  3539	92737
  3540	54093,31791
  3541	15863,54094
  3542	11411,23534
  3543	50460
  3544	23749
  3545	15907,44401
  3546	26176
  3547	23458,17353
  3548	21488
  3549	65415,49916
  3550	86414,72681
  3551	40716,87136
  3552	84372,11560
  3553	97596,57776
  3554	48,25762
  3555	92920,38527
  3556	24691
  3557	91414,48929
  3558	87957,95912
  3559	94552,86251
  3560	48170,57146
  3561	69784
  3562	23974,33725
  3563	98373,56230
  3564	18606,16914
  3565	36989,16487
  3566	71915
  3567	32262
  3568	10768
  3569	63005
  3570	58484,45525
  3571	38862,66601
  3572	38950,31348
  3573	17505
  3574	58388,79314
  3575	50192,86103
  3576	22663,76396
  3577	33038,49841
  3578	24738
  3579	95872
  3580	48777,80664
  3581	1302
  3582	85994,13561
  3583	75905,13420
  3584	1102,39242
  3585	65097,50580
  3586	42344,31678
  3587	73830
  3588	34869,9735
  3589	54287,3078
  3590	74901,63730
  3591	5272,146
  3592	53831,23455
  3593	49546
  3594	74751
  3595	61882,84485
  3596	69875
  3597	97946,99617
  3598	93166,88068
  3599	16630,41668
  3600	24381,55449
  3601	57092
  3602	80789,15927
  3603	98890
  3604	23863,91432
  3605	24914,24489
  3606	64784,78265
  3607	4626
  3608	14480,61968
  3609	52220,1800
  3610	68473,71277
  3611	61306,29041
  3612	43030,83320
  3613	83996,28188
  3614	57277,22866
  3615	25134
  3616	94504,23680
  3617	80701,67139
  3618	52166,53350
  3619	84974,43472
  3620	52410,83808
  3621	57011,75599
  3622	85077,471
  3623	56724,42024
  3624	91931
  3625	75536,61631
  3626	34169,32296
  3627	3209,54159
  3628	3886,85571
  3629	6664,37251
  3630	9714,66220
  3631	11238
  3632	15317,65830
  3633	55980,46755
  3634	6422,11489
  3635	32774
  3636	64019,27646
  3637	83267
  3638	88550
  3639	34120,4091
  3640	56375,99718
  3641	25175,80829
  3642	28244,79675
  3643	26017
  3644	36110,65016
  3645	71176
  3646	12951
  3647	66826,30682
  3648	25736,41098
  3649	65674,14479
  3650	35439
  3651	36252
  3652	82710,29941
  3653	33406,36997
  3654	17491,3266
  3655	94039,57051
  3656	33556,78250
  3657	35639,92899
  3658	59351,83533
  3659	33612,13622
  3660	46152,63569
  3661	8851
  3662	26364
  3663	62852,34867
  3664	77490,95937
  3665	96504,79978
  3666	97757,47114
  3667	38541,31247
  3668	12346,81621
  3669	4872
  3670	60443,60846
  3671	73297
  3672	97241
  3673	41716,89507
  3674	95944
  3675	11176
  3676	72285,86771
  3677	46055,36244
  3678	15106,28279
  3679	37027,48211
  3680	95566,91638
  3681	35008
  3682	34421,26405
  3683	53095,456
  3684	37289
  3685	82006,90584
  3686	6020,95190
  3687	43194,85152
  3688	94111
  3689	69360,47729
  3690	7531,1819
  3691	4162,57346
  3692	44135
  3693	57799,36653
  3694	69268,70535
  3695	79213
  3696	81519
  3697	6300,85465
  3698	22087,55636
  3699	55371,5700
  3700	32107,53277
  3701	45701,35273
  3702	82307,97519
  3703	21867
  3704	42769,41326
  3705	50197,23289
  3706	53588,18396
  3707	5304
  3708	51987,22872
  3709	32464,573
  3710	18224,99278
  3711	72714,53128
  3712	86505,44737
  3713	60064,85779
  3714	64346,19959
  3715	79563,39719
  3716	76812
  3717	94751,6953
  3718	166,29928
  3719	16242,73466
  3720	86049,29102
  3721	80476,8419
  3722	59379
  3723	24802,60384
  3724	55342,85513
  3725	36982,69870
  3726	99152,74193
  3727	25172,42424
  3728	66000
  3729	34903,37902
  3730	47902,83076
  3731	52712,70702
  3732	80809,5187
  3733	85079,53546
  3734	49884,50784
  3735	83723,415
  3736	44964
  3737	15242,61971
  3738	80996,54228
  3739	72213,18155
  3740	58775
  3741	36459,73764
  3742	81586
  3743	22392,38423
  3744	65984,62504
  3745	5575,35726
  3746	66584,258
  3747	36155
  3748	5174,37223
  3749	60979,97820
  3750	73710
  3751	16218,43589
  3752	16100
  3753	76661
  3754	64429,99294
  3755	46412,71319
  3756	26323,2598
  3757	25321,99893
  3758	93741,28909
  3759	30312
  3760	62020,60128
  3761	78708,96121
  3762	14546,86843
  3763	50770,57977
  3764	66938
  3765	75087
  3766	6528,89719
  3767	98125,4220
  3768	92988,96984
  3769	99368,64152
  3770	1068,28173
  3771	51969
  3772	45538,30739
  3773	91690,7549
  3774	24415,78501
  3775	80915
  3776	32498,98483
  3777	23435
  3778	91453
  3779	61756,93184
  3780	75653,5796
  3781	87336,11413
  3782	30593
  3783	68919
  3784	32241,17799
  3785	93257,66042
  3786	39479
  3787	33302,76555
  3788	45834
  3789	8610,56047
  3790	3549
  3791	54589
  3792	92216,41232
  3793	27080,9439
  3794	64259
  3795	77135
  3796	72742
  3797	95307
  3798	88914,68817
  3799	47340,52247
  3800	98426,55115
  3801	92732,93005
  3802	29183,95176
  3803	27136
  3804	39548
  3805	70808,34282
  3806	43854,52997
  3807	70202
  3808	51815
  3809	68335,50382
  3810	10095
  3811	53964,99491
  3812	85560
  3813	21563
  3814	23903
  3815	31478
  3816	96774,76720
  3817	11825,93061
  3818	27315,42765
  3819	16984
  3820	53535,65499
  3821	40938,50896
  3822	64605,48386
  3823	66663,77047
  3824	86477,61662
  3825	92125,12320
  3826	1433,67140
  3827	16537,5797
  3828	74751
  3829	80161,62260
  3830	48843
  3831	38836,7190
  3832	9970,3869
  3833	91390,23077
  3834	89328,31117
  3835	79554
  3836	56753
  3837	84662,90051
  3838	49138
  3839	97400,95542
  3840	28366,56528
  3841	84179,98750
  3842	91583,93817
  3843	43357
  3844	37231,86543
  3845	58821,17678
  3846	66425,98148
  3847	6635,96017
  3848	87233,88176
  3849	98003
  3850	28874
  3851	92988
  3852	56466,80894
  3853	53096
  3854	87678,4368
  3855	11011,42080
  3856	43699,75089
  3857	93726
  3858	36853
  3859	27959,97699
  3860	78215,42065
  3861	87588,37107
  3862	83961,3479
  3863	13738,31757
  3864	42044,54292
  3865	65734
  3866	88916
  3867	42514
  3868	89582,40908
  3869	53421,79279
  3870	35400,58407
  3871	4810,87838
  3872	99713,78322
  3873	15443,69068
  3874	74165
  3875	97725,82977
  3876	19656
  3877	86514,17786
  3878	70668
  3879	62651,40111
  3880	38304,64538
  3881	46149
  3882	58284,94247
  3883	11771,56386
  3884	73354,34203
  3885	19601
  3886	1241
  3887	13104,76833
  3888	56167
  3889	9371
  3890	26041,77203
  3891	73636,79520
  3892	99524,54153
  3893	6443,18123
  3894	66862
  3895	98256,34086
  3896	69772,17839
  3897	97245,90486
  3898	66900,65374
  3899	9586
  3900	75701,77285
  3901	88131
  3902	81694,95598
  3903	7267
  3904	17987,74893
  3905	8616,4859
  3906	36121,85645
  3907	31622,47867
  3908	59223,19130
  3909	58463
  3910	3550
  3911	9319,68318
  3912	19779
  3913	67445,33770
  3914	1432,67591
  3915	73986,28100
  3916	34437
  3917	488,98097
  3918	15791,82384
  3919	48981,37377
  3920	36656
  3921	34244,22409
  3922	14858
  3923	43733,97332
  3924	89962
  3925	43833,42891
  3926	51407,59320
  3927	20835,41316
  3928	59576
  3929	79473,32307
  3930	23831,43855
  3931	83040,52167
  3932	34876,3010
  3933	88373,11749
  3934	25328,55763
  3935	17713,63692
  3936	50456,80437
  3937	83939,15156
  3938	83409,42784
  3939	72053
  3940	77426,74394
  3941	88482,57349
  3942	57258,81760
  3943	63144
  3944	20302,66447
  3945	7113,22813
  3946	96424,42654
  3947	24950,67353
  3948	83052
  3949	96341,71238
  3950	22829,6580
  3951	85936,94580
  3952	29190,49701
  3953	5249
  3954	50006,3205
  3955	88892,12303
  3956	12562,21107
  3957	26081,47510
  3958	93114,82785
  3959	78772,56241
  3960	77330
  3961	17014,21125
  3962	44542,41506
  3963	75856
  3964	47664
  3965	80354,49802
  3966	79038
  3967	58665,8809
  3968	76088
  3969	18599,96415
  3970	77541
  3971	46461,24079
  3972	77458,14963
  3973	71323,85322
  3974	32738
  3975	44736,42448
  3976	52319,39161
  3977	31667,49037
  3978	33127,40195
  3979	71960
  3980	59293,77405
  3981	29946,53320
  3982	19972
  3983	40090
  3984	55345,60428
  3985	52400,40774
  3986	5701,75891
  3987	49546
  3988	62823,94001
  3989	48359
  3990	1215,4368
  3991	5281,76347
  3992	68248,35404
  3993	30774
  3994	60296
  3995	83523,41535
  3996	80622,69542
  3997	56505,95933
  3998	4442,62652
  3999	13114,21459
  4000	94727,42942
  4001	17696,7907
  4002	15904
  4003	2538,46774
  4004	92504
  4005	39256,27866
  4006	13741,26634
  4007	44745,49454
  4008	54507,23627
  4009	6040
  4010	49558,77447
  4011	16826
  4012	20439,45067
  4013	21492
  4014	46254,17987
  4015	89927,38717
  4016	48757,84879
  4017	87474,3028
  4018	84662
  4019	66828
  4020	21912
  4021	54081
  4022	81889,78248
  4023	95124,66969
  4024	11334,68109
  4025	43475,80261
  4026	5145,61357
  4027	4078
  4028	57710,61125
  4029	91336,86384
  4030	41186
  4031	28515,48163
  4032	45565
  4033	53055,23196
  4034	38062,310
  4035	59413,76345
  4036	73321,61630
  4037	60075,19979
  4038	59757,49641
  4039	70788,30459
  4040	17280
  4041	18272,91089
  4042	2508,98999
  4043	79780
  4044	99738,19561
  4045	16011,45628
  4046	58913,64971
  4047	40753,51972
  4048	70219,8792
  4049	97661
  4050	25227,36345
  4051	34357,17889
  4052	7529
  4053	54755,92526
  4054	73603
  4055	16459,69810
  4056	86199,3369
  4057	85318,40892
  4058	81638
  4059	45775,8165
  4060	24300,25837
  4061	55243,66082
  4062	11490
  4063	83789
  4064	2829,8247
  4065	13505
  4066	44449
  4067	71570
  4068	77548,31937
  4069	8782,62726
  4070	47759
  4071	84645
  4072	15006,31415
  4073	61258,49882
  4074	97447,10704
  4075	78132,92881
  4076	33222,97174
  4077	37665
  4078	37138
  4079	41006
  4080	14850
  4081	7679,16050
  4082	35604
  4083	78555
  4084	76984,23470
  4085	51527,63962
  4086	82142
  4087	41865,9387
  4088	79129,99008
  4089	67381,6775
  4090	42649,20405
  4091	72200
  4092	75952,57728
  4093	37359,17083
  4094	41755,23226
  4095	74397,12309
  4096	20163,31727
  4097	82189
  4098	31891,38308
  4099	79723,82003
  4100	27113
  4101	44649,51031
  4102	27204,59889
  4103	62586,38182
  4104	15758,16767
  4105	37111,50495
  4106	13232
  4107	68844,63934
  4108	71704,92663
  4109	76280,32251
  4110	60366,32317
  4111	23199,62273
  4112	50403,86690
  4113	12192
  4114	65770
  4115	26961,49447
  4116	2797,22886
  4117	29834
  4118	564,28114
  4119	18420
  4120	28763,26113
  4121	74166
  4122	26419,86303
  4123	2528,94661
  4124	23485,93553
  4125	37930
  4126	44258,44149
  4127	40319
  4128	98100,28716
  4129	53066,36602
  4130	51062
  4131	60081,19423
  4132	82448,17209
  4133	38836
  4134	18839
  4135	40215,23871
  4136	59803
  4137	98222
  4138	80153,72901
  4139	81682
  4140	68001,97904
  4141	70203,58092
  4142	7616,70307
  4143	17054,70028
  4144	89340,75739
  4145	13469,47556
  4146	79129
  4147	6401
  4148	28418,50547
  4149	400
  4150	95893
  4151	18710
  4152	33072,4939
  4153	94350,11911
  4154	19230,86344
  4155	6218
  4156	36582,68132
  4157	98710,34716
  4158	40298,90000
  4159	94069,84987
  4160	35630
  4161	20943,31272
  4162	88914
  4163	36657
  4164	66708,59552
  4165	56075,68997
  4166	19241,27322
  4167	45842,51885
  4168	83929,51878
  4169	81786,44050
  4170	3907
  4171	11401,19157
  4172	10454
  4173	48832,33745
  4174	55173,10689
  4175	82766
  4176	12550
  4177	50793,35940
  4178	99568,69918
  4179	23416
  4180	38997,56111
  4181	82301,34324
  4182	74765,26045
  4183	74911
  4184	58371
  4185	28977,36832
  4186	31770,45593
  4187	33739
  4188	12495,86104
  4189	34046,9026
  4190	45550
  4191	85988,1289
  4192	72914,37164
  4193	50524,36845
  4194	14054,24647
  4195	80564,86588
  4196	19732,82419
  4197	81919
  4198	8332
  4199	3746,70362
  4200	65779,8991
  4201	16808,77944
  4202	95548
  4203	84568,21089
  4204	67142,74691
  4205	86005,77264
  4206	20369,54939
  4207	67702,51397
  4208	7929
  4209	2646
  4210	3669,47196
  4211	43913,30142
  4212	4048,65495
  4213	76751,59138
  4214	60708,63590
  4215	17681,75842
  4216	55064
  4217	65877
  4218	77417,8160
  4219	7826
  4220	94637,46009
  4221	65979,73747
  4222	98342,14830
  4223	374,95210
  4224	74844
  4225	70590,21812
  4226	79143,40494
  4227	93653
  4228	78962,36478
  4229	64717
  4230	88510
  4231	19564,8485
  4232	33468,13956
  4233	1033,35749
  4234	79657
  4235	91427,97199
  4236	75329
  4237	50743,74225
  4238	12196,9031
  4239	41999,38182
  4240	43922,52180
  4241	14054
  4242	7481
  4243	56189,35772
  4244	11348,55816
  4245	55173
  4246	71313,67534
  4247	3661
  4248	19393
  4249	72106,74781
  4250	85253,99821
  4251	19453,20703
  4252	88881
  4253	41845,77924
  4254	50646,40704
  4255	2281,56300
  4256	15302
  4257	50205,46152
  4258	2693,72537
  4259	17222,20422
  4260	33890,44526
  4261	59166,87065
  4262	21262,9681
  4263	10093,74581
  4264	62011,64948
  4265	48813,5542
  4266	82675,67878
  4267	71813,33587
  4268	24613
  4269	47300,80662
  4270	99815
  4271	98181,7872
  4272	14601
  4273	8535,29080
  4274	19094
  4275	76634
  4276	89175,8451
  4277	24562,98596
  4278	46565,56118
  4279	73399,17473
  4280	36655,1024
  4281	90009,176
  4282	72151,2772
  4283	80787,56520
  4284	85681,75791
  4285	12202,42932
  4286	71101,51565
  4287	16362,25779
  4288	39256
  4289	36256,16659
  4290	33836
  4291	69623,21953
  4292	11759,55770
  4293	77760,97104
  4294	92253,31320
  4295	42680,43669
  4296	51442
  4297	32482,31479
  4298	60976,57755
  4299	26254,50929
  4300	97255
  4301	49622,37419
  4302	82092,12812
  4303	43080,9827
  4304	16630
  4305	1940,8557
  4306	88444
  4307	28438,83745
  4308	64258,30101
  4309	25890,45385
  4310	79834
  4311	14479
  4312	83447,14151
  4313	23639,91339
  4314	97398,81943
  4315	98074,85147
  4316	672,39459
  4317	74675,25338
  4318	17161
  4319	23475
  4320	10688,7422
  4321	23711,37448
  4322	63132
  4323	34302,54900
  4324	80645,99474
  4325	42033,60000
  4326	47689,42878
  4327	61344,57345
  4328	44224
  4329	15006
  4330	78535
  4331	8610
  4332	49278,43884
  4333	54331,15788
  4334	74919,35903
  4335	37874
  4336	48737,41403
  4337	36424,27216
  4338	11715
  4339	89464,16572
  4340	31435,21559
  4341	88201
  4342	921,36310
  4343	45734,27699
  4344	50742,49992
  4345	95978
  4346	39545,6004
  4347	79784,4934
  4348	99923
  4349	41808,19393
  4350	39832,1915
  4351	63957,95715
  4352	11780,58321
  4353	98100
  4354	59373
  4355	38871,75826
  4356	32529,80917
  4357	17228
  4358	15593,20597
  4359	94686,27947
  4360	51560
  4361	29188,48361
  4362	87954
  4363	4511,59356
  4364	62348,13352
  4365	338
  4366	66523
  4367	36435,91051
  4368	38321
  4369	2315,87907
  4370	2002,63571
  4371	18485,70565
  4372	95739,59231
  4373	76711,78228
  4374	93219
  4375	38810,62921
  4376	53382,84541
  4377	95959,31721
  4378	28604,10633
  4379	29183
  4380	26072
  4381	33382
  4382	54913,98526
  4383	21856
  4384	92962
  4385	55234,24219
  4386	41427,35565
  4387	12362
  4388	20919,48744
  4389	54032,10018
  4390	24423
  4391	83374
  4392	21300,70512
  4393	54222,2835
  4394	46721,26293
  4395	16905,16668
  4396	10039,45388
  4397	77624,75895
  4398	80689,77233
  4399	43709,96121
  4400	73057,15173
  4401	24738
  4402	12991,1823
  4403	87127,92291
  4404	6750
  4405	21208,37729
  4406	71408,15350
  4407	10736
  4408	34760,50115
  4409	7708,67897
  4410	55663,29235
  4411	33984,39878
  4412	91549,97249
  4413	62145,38076
  4414	80954
  4415	68335,89782
  4416	13363,81615
  4417	8316
  4418	69050,93571
  4419	76459,42220
  4420	78108,775
  4421	2327,78814
  4422	43183,25525
  4423	23964,91031
  4424	43619,97443
  4425	35167,75529
  4426	68564
  4427	68477
  4428	27436,95301
  4429	64924
  4430	50484
  4431	517,38299
  4432	85636,90975
  4433	30665,6018
  4434	3886
  4435	68608
  4436	24058
  4437	7434,99363
  4438	18466,55537
  4439	47271,79069
  4440	53136,35983
  4441	96112,72029
  4442	24824
  4443	21376,95983
  4444	16160,4638
  4445	35457
  4446	81734,23019
  4447	7450
  4448	89078
  4449	91573,82405
  4450	82326,39910
  4451	53630
  4452	96256,27938
  4453	51646
  4454	51789,4418
  4455	72730,62689
  4456	62623
  4457	37762,48342
  4458	28765,23472
  4459	53805,69912
  4460	4988
  4461	1709,58518
  4462	55415,18405
  4463	97976,6117
  4464	66404,84362
  4465	57879,51827
  4466	12996
  4467	65084,10863
  4468	73781,43960
  4469	68034,92528
  4470	51749,12276
  4471	24572,89185
  4472	95038,42839
  4473	52150,75129
  4474	74059
  4475	49435,80436
  4476	5832,66814
  4477	24003
  4478	29953,68279
  4479	25862,34638
  4480	76263,58618
  4481	35668,93604
  4482	67083,87757
  4483	69459,63061
  4484	97136,19089
  4485	35065,80851
  4486	45523,54614
  4487	88864,31143
  4488	29850,53377
  4489	1286,40294
  4490	99869,14276
  4491	38636,71202
  4492	6548,17950
  4493	8985,87201
  4494	81977,12614
  4495	18368,67105
  4496	73859,69402
  4497	55851
  4498	19110,36272
  4499	99572,50317
  4500	55866
  4501	63325,96171
  4502	49330,31196
  4503	55571
  4504	27409,50375
  4505	92012,30773
  4506	73833
  4507	33370,30055
  4508	84866,93859
  4509	33390
  4510	14329,30851
  4511	79051,78364
  4512	65952,43350
  4513	15105,14882
  4514	55047,41116
  4515	78939,55188
  4516	4271,61501
  4517	70451,6095
  4518	17919
  4519	6109,31118
  4520	5618,61527
  4521	32879,40010
  4522	73714,121
  4523	49483,7547
  4524	73175
  4525	98907,52097
  4526	7716,407
  4527	83874,22998
  4528	6751
  4529	30170,23938
  4530	17281
  4531	42152,86487
  4532	40552,82382
  4533	53104,3223
  4534	7590,50226
  4535	69647
  4536	76713
  4537	10192,20237
  4538	78849,64004
  4539	68705,53868
  4540	63420,88901
  4541	54287
  4542	13228,41815
  4543	23270
  4544	15593
  4545	58930
  4546	34607,26220
  4547	11564,75247
  4548	60858,21949
  4549	11640,24168
  4550	7652
  4551	11293,10084
  4552	24281,54491
  4553	41495,99636
  4554	14375,32904
  4555	13230,36594
  4556	40354
  4557	17383,95938
  4558	83892,46788
  4559	45298
  4560	16045
  4561	94152,71758
  4562	60123,71466
  4563	60642,20802
  4564	55220,97635
  4565	27736,61364
  4566	48188,25677
  4567	93331,53301
  4568	48335
  4569	99072
  4570	33873
  4571	1862,22238
  4572	9560
  4573	94379
  4574	68715,51423
  4575	80922,561
  4576	15234,99156
  4577	73207,17231
  4578	85573,60085
  4579	15897,59180
  4580	49513
  4581	43535,17445
  4582	68400
  4583	93388,89434
  4584	97922
  4585	74213,20795
  4586	74255,82718
  4587	35708,28853
  4588	28741
  4589	12997,63090
  4590	36853
  4591	78763,38524
  4592	64431,71268
  4593	10739,78469
  4594	60807,28866
  4595	4568,55966
  4596	12554,38135
  4597	89638,63873
  4598	58744,6443
  4599	73471,27251
  4600	36975,29838
  4601	50220
  4602	89129
  4603	17756,21561
  4604	70922,82103
  4605	8480,2115
  4606	41236,78850
  4607	12174
  4608	48967,79040
  4609	84834,11102
  4610	78824,34981
  4611	61282,67076
  4612	67932,55628
  4613	58411,54368
  4614	28744,95307
  4615	9801,92495
  4616	34055,70348
  4617	15168
  4618	52953
  4619	98341,4393
  4620	80153,22659
  4621	23546
  4622	70412,63760
  4623	33799
  4624	29678,58175
  4625	14330
  4626	28620,79363
  4627	11203
  4628	86699,69111
  4629	40158,66313
  4630	22434,86342
  4631	8600,81707
  4632	63330,4269
  4633	69560,9487
  4634	63393
  4635	26959,27175
  4636	61469,74823
  4637	49279,28009
  4638	78878
  4639	4896,48161
  4640	40968,80076
  4641	33929,1003
  4642	32296,31697
  4643	96932,82822
  4644	46522
  4645	32773
  4646	16348,47465
  4647	79644,66281
  4648	68482,17351
  4649	48665,86137
  4650	4832,19271
  4651	324,81155
  4652	74141,9199
  4653	32716
  4654	86683,87002
  4655	13731,95254
  4656	60829,21919
  4657	56248,1249
  4658	32113,9854
  4659	2044
  4660	47306,16019
  4661	13785,16705
  4662	8911,2940
  4663	56566,36430
  4664	52403
  4665	9662,14444
  4666	14204,63074
  4667	34851
  4668	22763
  4669	81900,37101
  4670	86317,18812
  4671	32570,62242
  4672	27015
  4673	66853,57360
  4674	3756,31667
  4675	1729,25135
  4676	24324,1239
  4677	97882,83416
  4678	99882,89318
  4679	58159,70934
  4680	88291,75833
  4681	47786,86072
  4682	4640,85908
  4683	56075
  4684	62162,41838
  4685	11238
  4686	55709
  4687	17208,73304
  4688	99737,34995
  4689	13032,42005
  4690	64365,17412
  4691	14558,54606
  4692	95338,1140
  4693	97828,37441
  4694	14757
  4695	49397,11839
  4696	66821,31970
  4697	73103
  4698	14336,44843
  4699	1927,9982
  4700	12012,71701
  4701	15555,55484
  4702	24612,49812
  4703	78145,93452
  4704	71251,39004
  4705	25280,51010
  4706	92136
  4707	73557,7624
  4708	17235,8907
  4709	91600,43979
  4710	25551,84837
  4711	47247,6414
  4712	77410,81779
  4713	95354
  4714	1925,9384
  4715	27619,29529
  4716	58006,35295
  4717	19889
  4718	12626,85122
  4719	18899,65791
  4720	31783,5343
  4721	85929,71686
  4722	24950
  4723	45573,21441
  4724	61332,98009
  4725	6386,87394
  4726	53504
  4727	56492,7210
  4728	98528
  4729	60171,19993
  4730	94743,10304
  4731	18770,34230
  4732	27921
  4733	4654,30779
  4734	51859,82124
  4735	34299
  4736	2742
  4737	99278,38118
  4738	27765,62141
  4739	38566,82230
  4740	33637,38990
  4741	86418,57668
  4742	23533
  4743	83950,98876
  4744	80996
  4745	3398,97654
  4746	47839,74846
  4747	19767,56048
  4748	11200,33156
  4749	21466,35945
  4750	20636
  4751	40667,7455
  4752	97511,99456
  4753	70309,66254
  4754	14432
  4755	34276
  4756	74222,31552
  4757	92973
  4758	35499
  4759	89715,83767
  4760	37901
  4761	84621,579
  4762	44438,38608
  4763	91842,96446
  4764	31612,15681
  4765	73838,46503
  4766	69227,14460
  4767	72761,69776
  4768	27622,83831
  4769	75256,81454
  4770	96625,86818
  4771	84834
  4772	14384,86928
  4773	43375
  4774	5856,28349
  4775	8451,44202
  4776	11969,27157
  4777	61052,91107
  4778	50562
  4779	87641,16289
  4780	29785,34213
  4781	49207
  4782	74751
  4783	6300
  4784	36204
  4785	63427,73286
  4786	40373,39951
  4787	40457,21144
  4788	9664,78423
  4789	26747,40603
  4790	16814,64163
  4791	42880,98163
  4792	37603,80779
  4793	49172,14696
  4794	31926,49129
  4795	95873,54080
  4796	91328,53369
  4797	18918,81466
  4798	88054,31561
  4799	81870,65384
  4800	59397,71415
  4801	51567
  4802	84738
  4803	25157,34143
  4804	96704,30515
  4805	85988
  4806	9757,20253
  4807	99123
  4808	107,65528
  4809	48568
  4810	16590,25239
  4811	55268,72795
  4812	48558,37834
  4813	86501,2169
  4814	74285,3297
  4815	82353,26577
  4816	65818,67315
  4817	62600,98305
  4818	60807
  4819	56168,80171
  4820	73693,70790
  4821	40336
  4822	97838,55350
  4823	46822,24050
  4824	69647
  4825	15800
  4826	98014
  4827	16984
  4828	7113
  4829	28793,15624
  4830	31186,26372
  4831	68322,24342
  4832	13832,81708
  4833	25328,8115
  4834	86344,70135
  4835	68655,60134
  4836	2595,34596
  4837	34711
  4838	59920,67658
  4839	70412
  4840	75644,46921
  4841	11626,98805
  4842	69748,82611
  4843	3835,84499
  4844	91326,30179
  4845	16694,26139
  4846	11666,69727
  4847	61102,2462
  4848	89198,35103
  4849	93786,40376
  4850	61769,73178
  4851	12012,32369
  4852	5297,12356
  4853	88240,79566
  4854	17696
  4855	55788,84619
  4856	12910,96340
  4857	2125,44739
  4858	14524,17056
  4859	71000
  4860	27158
  4861	41101,3428
  4862	17398,4609
  4863	97923,97706
  4864	98890
  4865	22161,44295
  4866	50200
  4867	89414,13198
  4868	14370
  4869	16641
  4870	96774
  4871	2342,74308
  4872	13758,30827
  4873	76916,45085
  4874	73284,17396
  4875	82831
  4876	19791,68510
  4877	58775
  4878	35056,61228
  4879	97980,83955
  4880	36024,9262
  4881	9356
  4882	31371,43398
  4883	62213
  4884	47608,33278
  4885	35986
  4886	6663,60740
  4887	12442,72985
  4888	65552,84751
  4889	54974,57529
  4890	35294
  4891	33657,46355
  4892	8478,56191
  4893	64078,8788
  4894	58745,54435
  4895	16162,82957
  4896	64275,11927
  4897	32231
  4898	65055
  4899	55833,96590
  4900	26687
  4901	46727,76835
  4902	63144
  4903	83059,30878
  4904	5467
  4905	4065,38440
  4906	87903,65734
  4907	91786,94298
  4908	59662,33578
  4909	62050
  4910	30507,32689
  4911	72916
  4912	3776,51313
  4913	94101
  4914	34560,59121
  4915	38449,21801
  4916	55856,26575
  4917	91662,89521
  4918	65838
  4919	90293
  4920	23403
  4921	72030
  4922	95893,50466
  4923	24734,51671
  4924	55070,42519
  4925	99202,41374
  4926	28462,71949
  4927	79840,36388
  4928	74837,3351
  4929	94237
  4930	94659,91306
  4931	91633
  4932	65067,10801
  4933	48206,72963
  4934	13850,83430
  4935	49961,5040
  4936	50415,4820
  4937	96820,20214
  4938	56600,83814
  4939	93039,32220
  4940	93646,83457
  4941	97952,74951
  4942	62764,55297
  4943	86868,98567
  4944	17089,39085
  4945	33627
  4946	88766,90417
  4947	21831,72006
  4948	82266,86400
  4949	34607
  4950	65403
  4951	20376,28405
  4952	60728,964
  4953	88189,18919
  4954	72356
  4955	44773
  4956	44095,56105
  4957	4570,98428
  4958	45062,29201
  4959	68322
  4960	33415
  4961	35444,58560
  4962	91390
  4963	12570,47725
  4964	46353,23059
  4965	7979,65250
  4966	10688
  4967	84197,87311
  4968	35167
  4969	4111,11794
  4970	22080,87710
  4971	95347,79212
  4972	83722,77023
  4973	55441
  4974	87113,16102
  4975	68563
  4976	48455,25944
  4977	17860
  4978	48777
  4979	28574,88567
  4980	30149
  4981	69761,69235
  4982	735,51777
  4983	2576,8115
  4984	44785
  4985	12463,28189
  4986	12458,69935
  4987	58212,24425
  4988	16181
  4989	85381,45145
  4990	77458
  4991	58306,25563
  4992	52389,73603
  4993	89355,93659
  4994	52665,22581
  4995	98914,45052
  4996	25310,16539
  4997	68735,59846
  4998	2790
  4999	71988,15658
  5000	60237,15986
  5001	91573,20689]]
